   2.6033483e-04
   2.5580450e-04
   2.5098895e-04
   2.4653143e-04
   2.4192094e-04
   2.3695880e-04
   2.3291476e-04
   2.2890859e-04
   2.2503942e-04
   2.2116650e-04
   2.1748082e-04
   2.1418916e-04
   2.1097753e-04
   2.0777506e-04
   2.0460900e-04
   2.0181566e-04
   1.9900296e-04
   1.9665493e-04
   1.9409669e-04
   1.9164476e-04
   1.8954160e-04
   1.8728069e-04
   1.8516651e-04
   1.8318518e-04
   1.8121412e-04
   1.7927477e-04
   1.7743197e-04
   1.7579465e-04
   1.7423965e-04
   1.7273930e-04
   1.7117704e-04
   1.6950505e-04
   1.6803594e-04
   1.6688722e-04
   1.6549006e-04
   1.6423254e-04
   1.6287926e-04
   1.6181942e-04
   1.6066914e-04
   1.5940230e-04
   1.5841567e-04
   1.5721825e-04
   1.5617932e-04
   1.5499028e-04
   1.5384237e-04
   1.5287296e-04
   1.5176726e-04
   1.5092795e-04
   1.4969923e-04
   1.4887402e-04
   1.4799119e-04
   1.4690252e-04
   1.4600037e-04
   1.4510922e-04
   1.4424276e-04
   1.4344206e-04
   1.4248873e-04
   1.4145993e-04
   1.4057925e-04
   1.3981883e-04
   1.3897875e-04
   1.3818386e-04
   1.3728948e-04
   1.3638732e-04
   1.3548510e-04
   1.3468862e-04
   1.3381294e-04
   1.3299293e-04
   1.3229128e-04
   1.3147253e-04
   1.3064409e-04
   1.2994447e-04
   1.2929097e-04
   1.2860288e-04
   1.2793869e-04
   1.2735260e-04
   1.2676560e-04
   1.2610004e-04
   1.2540238e-04
   1.2483138e-04
   1.2418496e-04
   1.2360408e-04
   1.2295522e-04
   1.2244905e-04
   1.2177982e-04
   1.2119891e-04
   1.2063645e-04
   1.1993385e-04
   1.1921833e-04
   1.1866702e-04
   1.1802591e-04
   1.1747388e-04
   1.1697854e-04
   1.1636082e-04
   1.1589164e-04
   1.1537229e-04
   1.1499767e-04
   1.1455833e-04
   1.1401631e-04
   1.1356180e-04
   1.1308546e-04
   1.1257175e-04
   1.1210704e-04
   1.1164011e-04
   1.1117328e-04
   1.1075907e-04
   1.1031920e-04
   1.0994038e-04
   1.0956970e-04
   1.0907618e-04
   1.0865558e-04
   1.0833416e-04
   1.0801039e-04
   1.0765521e-04
   1.0729511e-04
   1.0697378e-04
   1.0669481e-04
   1.0630312e-04
   1.0594439e-04
   1.0562467e-04
   1.0529033e-04
   1.0505121e-04
   1.0472755e-04
   1.0444872e-04
   1.0414810e-04
   1.0374938e-04
   1.0348458e-04
   1.0323687e-04
   1.0294730e-04
   1.0268650e-04
   1.0239490e-04
   1.0209268e-04
   1.0187380e-04
   1.0159498e-04
   1.0135073e-04
   1.0109514e-04
   1.0077630e-04
   1.0053054e-04
   1.0035120e-04
   1.0007983e-04
   9.9884899e-05
   9.9605361e-05
   9.9314109e-05
   9.8993817e-05
   9.8676722e-05
   9.8336745e-05
   9.7957256e-05
   9.7693232e-05
   9.7320775e-05
   9.6960020e-05
   9.6750135e-05
   9.6418995e-05
   9.6108760e-05
   9.5792281e-05
   9.5481870e-05
   9.5198737e-05
   9.4907993e-05
   9.4607216e-05
   9.4335832e-05
   9.4017281e-05
   9.3796990e-05
   9.3520414e-05
   9.3254421e-05
   9.2987663e-05
   9.2733286e-05
   9.2506356e-05
   9.2265201e-05
   9.1975573e-05
   9.1793904e-05
   9.1524066e-05
   9.1302220e-05
   9.1105033e-05
   9.0924846e-05
   9.0733006e-05
   9.0508852e-05
   9.0344427e-05
   9.0202250e-05
   9.0036562e-05
   8.9871133e-05
   8.9626595e-05
   8.9381435e-05
   8.9179790e-05
   8.9015974e-05
   8.8793267e-05
   8.8656310e-05
   8.8446372e-05
   8.8293895e-05
   8.8151570e-05
   8.7955119e-05
   8.7798967e-05
   8.7640045e-05
   8.7472106e-05
   8.7304693e-05
   8.7210485e-05
   8.7065919e-05
   8.6875509e-05
   8.6745417e-05
   8.6620935e-05
   8.6390210e-05
   8.6283217e-05
   8.6107626e-05
   8.5908308e-05
   8.5784796e-05
   8.5667653e-05
   8.5527992e-05
   8.5426382e-05
   8.5275316e-05
   8.5176550e-05
   8.5050142e-05
   8.4873644e-05
   8.4802132e-05
   8.4703754e-05
   8.4597598e-05
   8.4446596e-05
   8.4257143e-05
   8.4146867e-05
   8.4043172e-05
   8.3941928e-05
   8.3881015e-05
   8.3709894e-05
   8.3632429e-05
   8.3551391e-05
   8.3425823e-05
   8.3373006e-05
   8.3247543e-05
   8.3149243e-05
   8.3066912e-05
   8.2916240e-05
   8.2827371e-05
   8.2714743e-05
   8.2625989e-05
   8.2509425e-05
   8.2444280e-05
   8.2399720e-05
   8.2331304e-05
   8.2218258e-05
   8.2115857e-05
   8.2009342e-05
   8.1853323e-05
   8.1830645e-05
   8.1729639e-05
   8.1632193e-05
   8.1579117e-05
   8.1465414e-05
   8.1318014e-05
   8.1222815e-05
   8.1156229e-05
   8.1113711e-05
   8.1046056e-05
   8.0945643e-05
   8.0899966e-05
   8.0804064e-05
   8.0722065e-05
   8.0642378e-05
   8.0609430e-05
   8.0574554e-05
   8.0584844e-05
   8.0610540e-05
   8.0591496e-05
   8.0650141e-05
   8.0610092e-05
   8.0658293e-05
   8.0666553e-05
   8.0722401e-05
   8.0662296e-05
   8.0651197e-05
   8.0656487e-05
   8.0588587e-05
   8.0539209e-05
   8.0464350e-05
   8.0390409e-05
   8.0326105e-05
   8.0245669e-05
   8.0156631e-05
   8.0104818e-05
   8.0017519e-05
   7.9909560e-05
   7.9835488e-05
   7.9795875e-05
   7.9677506e-05
   7.9648731e-05
   7.9569412e-05
   7.9518074e-05
   7.9512038e-05
   7.9536780e-05
   7.9506082e-05
   7.9491952e-05
   7.9515914e-05
   7.9550071e-05
   7.9575201e-05
   7.9490411e-05
   7.9348084e-05
   7.9232179e-05
   7.9186104e-05
   7.9045549e-05
   7.8902002e-05
   7.8806450e-05
   7.8787525e-05
   7.8709996e-05
   7.8646386e-05
   7.8569674e-05
   7.8470372e-05
   7.8364509e-05
   7.8309875e-05
   7.8163386e-05
   7.8108290e-05
   7.7996123e-05
   7.7922280e-05
   7.7850051e-05
   7.7799913e-05
   7.7764667e-05
   7.7744313e-05
   7.7744617e-05
   7.7663786e-05
   7.7585201e-05
   7.7545684e-05
   7.7534752e-05
   7.7480096e-05
   7.7468004e-05
   7.7423343e-05
   7.7421170e-05
   7.7404291e-05
   7.7361894e-05
   7.7311418e-05
   7.7303025e-05
   7.7254967e-05
   7.7247660e-05
   7.7274220e-05
   7.7198973e-05
   7.7176293e-05
   7.7149063e-05
   7.7092696e-05
   7.7063350e-05
   7.7033576e-05
   7.6986541e-05
   7.6969803e-05
   7.6966895e-05
   7.6985350e-05
   7.6951377e-05
   7.6931652e-05
   7.6904883e-05
   7.6830057e-05
   7.6818721e-05
   7.6836982e-05
   7.6798803e-05
   7.6781877e-05
   7.6782273e-05
   7.6796219e-05
   7.6814222e-05
   7.6791733e-05
   7.6824279e-05
   7.6828975e-05
   7.6847279e-05
   7.6904003e-05
   7.6923724e-05
   7.6847202e-05
   7.6882255e-05
   7.6905177e-05
   7.6826733e-05
   7.6796793e-05
   7.6788898e-05
   7.6836471e-05
   7.6821261e-05
   7.6743327e-05
   7.6782209e-05
   7.6831587e-05
   7.6859756e-05
   7.6843213e-05
   7.6894143e-05
   7.6927987e-05
   7.6910200e-05
   7.6901179e-05
   7.6973387e-05
   7.7029323e-05
   7.6995551e-05
   7.7022405e-05
   7.7125318e-05
   7.7160272e-05
   7.7135610e-05
   7.7154733e-05
   7.7212685e-05
   7.7201638e-05
   7.7219123e-05
   7.7270149e-05
   7.7358343e-05
   7.7389222e-05
   7.7357605e-05
   7.7439689e-05
   7.7535119e-05
   7.7519419e-05
   7.7566967e-05
   7.7639898e-05
   7.7757024e-05
   7.7800143e-05
   7.7788853e-05
   7.7844652e-05
   7.7902043e-05
   7.7842309e-05
   7.7894678e-05
   7.7955610e-05
   7.8045938e-05
   7.8088461e-05
   7.8076136e-05
   7.8149764e-05
   7.8215179e-05
   7.8254715e-05
   7.8263907e-05
   7.8380179e-05
   7.8512457e-05
   7.8736519e-05
   7.8740148e-05
   7.8862369e-05
   7.9032205e-05
   7.9120347e-05
   7.9085241e-05
   7.9115094e-05
   7.9193029e-05
   7.9288878e-05
   7.9338405e-05
   7.9303983e-05
   7.9288553e-05
   7.9412802e-05
   7.9509020e-05
   7.9494533e-05
   7.9474381e-05
   7.9484965e-05
   7.9551921e-05
   7.9542184e-05
   7.9458475e-05
   7.9523922e-05
   7.9741434e-05
   7.9897358e-05
   7.9929641e-05
   7.9992607e-05
   8.0124545e-05
   8.0281243e-05
   8.0372328e-05
   8.0393930e-05
   8.0517883e-05
   8.0718318e-05
   8.0897889e-05
   8.1058500e-05
   8.1259571e-05
   8.1447273e-05
   8.1627059e-05
   8.1724297e-05
   8.1725067e-05
   8.1829655e-05
   8.1977901e-05
   8.2036867e-05
   8.1933259e-05
   8.1854939e-05
   8.1869164e-05
   8.1836925e-05
   8.1745143e-05
   8.1638510e-05
   8.1663432e-05
   8.1809920e-05
   8.1916182e-05
   8.1951812e-05
   8.1864292e-05
   8.1932876e-05
   8.2077165e-05
   8.2156937e-05
   8.2065348e-05
   8.1989534e-05
   8.2144674e-05
   8.2285799e-05
   8.2399400e-05
   8.2574380e-05
   8.2725788e-05
   8.2789051e-05
   8.2839211e-05
   8.3009441e-05
   8.3072428e-05
   8.2992673e-05
   8.3044479e-05
   8.3198900e-05
   8.3305422e-05
   8.3294621e-05
   8.3230384e-05
   8.3223736e-05
   8.3370278e-05
   8.3577782e-05
   8.3702898e-05
   8.3700888e-05
   8.3684058e-05
   8.3774762e-05
   8.3963010e-05
   8.4158920e-05
   8.4212275e-05
   8.4182869e-05
   8.4288662e-05
   8.4581392e-05
   8.4693409e-05
   8.4800944e-05
   8.4740168e-05
   8.4750374e-05
   8.4970627e-05
   8.5176263e-05
   8.5338124e-05
   8.5356090e-05
   8.5348808e-05
   8.5420866e-05
   8.5701674e-05
   8.5984995e-05
   8.6168115e-05
   8.6216473e-05
   8.6226124e-05
   8.6479591e-05
   8.6738396e-05
   8.7063985e-05
   8.7226665e-05
   8.7213152e-05
   8.7233378e-05
   8.7494455e-05
   8.7943162e-05
   8.8308896e-05
   8.8476191e-05
   8.8436984e-05
   8.8506738e-05
   8.8801858e-05
   8.9144373e-05
   8.9468410e-05
   8.9477110e-05
   8.9484943e-05
   8.9631858e-05
   9.0001490e-05
   9.0398915e-05
   9.0547264e-05
   9.0513381e-05
   9.0455907e-05
   9.0577411e-05
   9.0970831e-05
   9.1441059e-05
   9.1731683e-05
   9.1678501e-05
   9.1570033e-05
   9.1809017e-05
   9.2343645e-05
   9.2827400e-05
   9.2816063e-05
   9.2616898e-05
   9.2646279e-05
   9.3094752e-05
   9.3716850e-05
   9.3977013e-05
   9.3985429e-05
   9.3889092e-05
   9.4009919e-05
   9.4551353e-05
   9.5005906e-05
   9.5252597e-05
   9.5119101e-05
   9.4968520e-05
   9.5217001e-05
   9.5798551e-05
   9.6231461e-05
   9.6413869e-05
   9.6329641e-05
   9.6359701e-05
   9.6841277e-05
   9.7464838e-05
   9.7859780e-05
   9.7926550e-05
   9.7806446e-05
   9.7854839e-05
   9.8175231e-05
   9.8723744e-05
   9.9182544e-05
   9.9280215e-05
   9.9251194e-05
   9.9194171e-05
   9.9479638e-05
   1.0012439e-04
   1.0070438e-04
   1.0094302e-04
   1.0089926e-04
   1.0078816e-04
   1.0115315e-04
   1.0148573e-04
   1.0208097e-04
   1.0256493e-04
   1.0271098e-04
   1.0268071e-04
   1.0269270e-04
   1.0301607e-04
   1.0366606e-04
   1.0425253e-04
   1.0455097e-04
   1.0456040e-04
   1.0432564e-04
   1.0452214e-04
   1.0504491e-04
   1.0565144e-04
   1.0613915e-04
   1.0623732e-04
   1.0622752e-04
   1.0625691e-04
   1.0657889e-04
   1.0718258e-04
   1.0787071e-04
   1.0826366e-04
   1.0833723e-04
   1.0817842e-04
   1.0834551e-04
   1.0892248e-04
   1.0960896e-04
   1.1025638e-04
   1.1062404e-04
   1.1058716e-04
   1.1054826e-04
   1.1095579e-04
   1.1163322e-04
   1.1232262e-04
   1.1268308e-04
   1.1295762e-04
   1.1303595e-04
   1.1298658e-04
   1.1347983e-04
   1.1426739e-04
   1.1513542e-04
   1.1576493e-04
   1.1609409e-04
   1.1612494e-04
   1.1627103e-04
   1.1678587e-04
   1.1746308e-04
   1.1795884e-04
   1.1872789e-04
   1.1909350e-04
   1.1919796e-04
   1.1923324e-04
   1.1966443e-04
   1.2047990e-04
   1.2131924e-04
   1.2203789e-04
   1.2245461e-04
   1.2265616e-04
   1.2275445e-04
   1.2311120e-04
   1.2383554e-04
   1.2474400e-04
   1.2557081e-04
   1.2617181e-04
   1.2678454e-04
   1.2707978e-04
   1.2738387e-04
   1.2795711e-04
   1.2891229e-04
   1.2985476e-04
   1.3061977e-04
   1.3116339e-04
   1.3143011e-04
   1.3201217e-04
   1.3279491e-04
   1.3349876e-04
   1.3414376e-04
   1.3457595e-04
   1.3525210e-04
   1.3577562e-04
   1.3606656e-04
   1.3655160e-04
   1.3726404e-04
   1.3819190e-04
   1.3922209e-04
   1.4030863e-04
   1.4125404e-04
   1.4186708e-04
   1.4217618e-04
   1.4247215e-04
   1.4287358e-04
   1.4362214e-04
   1.4462195e-04
   1.4550296e-04
   1.4639874e-04
   1.4732225e-04
   1.4772917e-04
   1.4815857e-04
   1.4858071e-04
   1.4922115e-04
   1.5027227e-04
   1.5129671e-04
   1.5242029e-04
   1.5335435e-04
   1.5428650e-04
   1.5511505e-04
   1.5569807e-04
   1.5642627e-04
   1.5765479e-04
   1.5900750e-04
   1.6020831e-04
   1.6133410e-04
   1.6224104e-04
   1.6306251e-04
   1.6388521e-04
   1.6434639e-04
   1.6488823e-04
   1.6562493e-04
   1.6653941e-04
   1.6758642e-04
   1.6850179e-04
   1.6917483e-04
   1.6985727e-04
   1.7040557e-04
   1.7088458e-04
   1.7144054e-04
   1.7222611e-04
   1.7315071e-04
   1.7404546e-04
   1.7488537e-04
   1.7548971e-04
   1.7626186e-04
   1.7689482e-04
   1.7778606e-04
   1.7885952e-04
   1.8038606e-04
   1.8179121e-04
   1.8292566e-04
   1.8383493e-04
   1.8472456e-04
   1.8546643e-04
   1.8656972e-04
   1.8797517e-04
   1.8942533e-04
   1.9102768e-04
   1.9238862e-04
   1.9343663e-04
   1.9470585e-04
   1.9588719e-04
   1.9711928e-04
   1.9835432e-04
   1.9966233e-04
   2.0134136e-04
   2.0298919e-04
   2.0439053e-04
   2.0572689e-04
   2.0721565e-04
   2.0873714e-04
   2.0997349e-04
   2.1151051e-04
   2.1294991e-04
   2.1499779e-04
   2.1677436e-04
   2.1872706e-04
   2.2051780e-04
   2.2217547e-04
   2.2379920e-04
   2.2526217e-04
   2.2698332e-04
   2.2882674e-04
   2.3109667e-04
   2.3327691e-04
   2.3534532e-04
   2.3732636e-04
   2.3901881e-04
   2.4110766e-04
   2.4316293e-04
   2.4496518e-04
   2.4759210e-04
   2.5043161e-04
   2.5325719e-04
   2.5583137e-04
   2.5808111e-04
   2.5999709e-04
   2.6213962e-04
   2.6418637e-04
   2.6636961e-04
   2.6902676e-04
   2.7164115e-04
   2.7449483e-04
   2.7737609e-04
   2.8024879e-04
   2.8282790e-04
   2.8537740e-04
   2.8801400e-04
   2.9101441e-04
   2.9386191e-04
   2.9725582e-04
   3.0130012e-04
   3.0569820e-04
   3.0992468e-04
   3.1384327e-04
   3.1719829e-04
   3.2084185e-04
   3.2469175e-04
   3.2891326e-04
   3.3284257e-04
   3.3728021e-04
   3.4153181e-04
   3.4548264e-04
   3.4920468e-04
   3.5224882e-04
   3.5517922e-04
   3.5778911e-04
   3.6103769e-04
   3.6397821e-04
   3.6717272e-04
   3.7057594e-04
   3.7349978e-04
   3.7680849e-04
   3.7926235e-04
   3.8122330e-04
   3.8337031e-04
   3.8582790e-04
   3.8852163e-04
   3.9167851e-04
   3.9493059e-04
   3.9808883e-04
   4.0242988e-04
   4.0677140e-04
   4.1049392e-04
   4.1392836e-04
   4.1727132e-04
   4.2152015e-04
   4.2636674e-04
   4.3196907e-04
   4.3773346e-04
   4.4410398e-04
   4.5068947e-04
   4.5732930e-04
   4.6358379e-04
   4.6890145e-04
   4.7480563e-04
   4.8102750e-04
   4.8809411e-04
   4.9628740e-04
   5.0436144e-04
   5.1300312e-04
   5.2252642e-04
   5.3173208e-04
   5.4058636e-04
   5.4888193e-04
   5.5692456e-04
   5.6557632e-04
   5.7487911e-04
   5.8514633e-04
   5.9545576e-04
   6.0727901e-04
   6.1957108e-04
   6.3234831e-04
   6.4400107e-04
   6.5624115e-04
   6.6705710e-04
   6.7904937e-04
   6.9207907e-04
   7.0565890e-04
   7.2056111e-04
   7.3522823e-04
   7.5225555e-04
   7.6948022e-04
   7.8558615e-04
   8.0141240e-04
   8.1811626e-04
   8.3377430e-04
   8.5001263e-04
   8.6761790e-04
   8.8585344e-04
   9.0549047e-04
   9.2770368e-04
   9.5063819e-04
   9.7327187e-04
   9.9663717e-04
   1.0194465e-03
   1.0407841e-03
   1.0642499e-03
   1.0886903e-03
   1.1150718e-03
   1.1422163e-03
   1.1702312e-03
   1.1996647e-03
   1.2280923e-03
   1.2560259e-03
   1.2817092e-03
   1.3063218e-03
   1.3297911e-03
   1.3527404e-03
   1.3755244e-03
   1.4022039e-03
   1.4278925e-03
   1.4561225e-03
   1.4843107e-03
   1.5145706e-03
   1.5453174e-03
   1.5754668e-03
   1.6044177e-03
   1.6300949e-03
   1.6576560e-03
   1.6857844e-03
   1.7146909e-03
   1.7460940e-03
   1.7772781e-03
   1.8117205e-03
   1.8485126e-03
   1.8841414e-03
   1.9219065e-03
   1.9601307e-03
   1.9958532e-03
   2.0261536e-03
   2.0638082e-03
   2.0979578e-03
   2.1369850e-03
   2.1762213e-03
   2.2205221e-03
   2.2675571e-03
   2.3208482e-03
   2.3685667e-03
   2.4183638e-03
   2.4630848e-03
   2.5074692e-03
   2.5514185e-03
   2.5985860e-03
   2.6423149e-03
   2.6962597e-03
   2.7435498e-03
   2.7919477e-03
   2.8454786e-03
   2.9006269e-03
   2.9515603e-03
   3.0042104e-03
   3.0540190e-03
   3.1027239e-03
   3.1545111e-03
   3.1996326e-03
   3.2553201e-03
   3.3073334e-03
   3.3675765e-03
   3.4323222e-03
   3.4944408e-03
   3.5623633e-03
   3.6299139e-03
   3.6939651e-03
   3.7622230e-03
   3.8173890e-03
   3.8789084e-03
   3.9401934e-03
   4.0123261e-03
   4.0800497e-03
   4.1533208e-03
   4.2372956e-03
   4.3205671e-03
   4.4024049e-03
   4.4830527e-03
   4.5627618e-03
   4.6454123e-03
   4.7233363e-03
   4.7914754e-03
   4.8740377e-03
   4.9586051e-03
   5.0495054e-03
   5.1483254e-03
   5.2482398e-03
   5.3572205e-03
   5.4663424e-03
   5.5706963e-03
   5.6827237e-03
   5.7903157e-03
   5.8900425e-03
   5.9796760e-03
   6.0732338e-03
   6.1792777e-03
   6.2976796e-03
   6.4196626e-03
   6.5491318e-03
   6.6794802e-03
   6.8279454e-03
   6.9673487e-03
   7.0945964e-03
   7.2359195e-03
   7.3541759e-03
   7.4629876e-03
   7.5586782e-03
   7.6742764e-03
   7.7987620e-03
   7.9534739e-03
   8.1096830e-03
   8.2949963e-03
   8.4443693e-03
   8.6174586e-03
   8.7793469e-03
   8.9016241e-03
   9.0389944e-03
   9.1699112e-03
   9.2630836e-03
   9.3747620e-03
   9.5401011e-03
   9.7417278e-03
   9.9548804e-03
   1.0116489e-02
   1.0298546e-02
   1.0498658e-02
   1.0664323e-02
   1.0812269e-02
   1.0931508e-02
   1.1053701e-02
   1.1223773e-02
   1.1412706e-02
   1.1612983e-02
   1.1836346e-02
   1.2037953e-02
   1.2283165e-02
   1.2465206e-02
   1.2670119e-02
   1.2833466e-02
   1.3004544e-02
   1.3128299e-02
   1.3285436e-02
   1.3536106e-02
   1.3718061e-02
   1.3931808e-02
   1.4203618e-02
   1.4431367e-02
   1.4609096e-02
   1.4786561e-02
   1.4888200e-02
   1.5103775e-02
   1.5235741e-02
   1.5448059e-02
   1.5606935e-02
   1.5825891e-02
   1.6078592e-02
   1.6251277e-02
   1.6479999e-02
   1.6678722e-02
   1.6883444e-02
   1.7044338e-02
   1.7186088e-02
   1.7373840e-02
   1.7595570e-02
   1.7776737e-02
   1.7861526e-02
   1.8069286e-02
   1.8179413e-02
   1.8333014e-02
   1.8399279e-02
   1.8481780e-02