   1.8740220e-03
   1.8428871e-03
   1.8059037e-03
   1.7711217e-03
   1.7369811e-03
   1.7025556e-03
   1.6694177e-03
   1.6394895e-03
   1.6105242e-03
   1.5818177e-03
   1.5554255e-03
   1.5313228e-03
   1.5071303e-03
   1.4831530e-03
   1.4618829e-03
   1.4402266e-03
   1.4207533e-03
   1.4015358e-03
   1.3840940e-03
   1.3662790e-03
   1.3490005e-03
   1.3341459e-03
   1.3195366e-03
   1.3043551e-03
   1.2886482e-03
   1.2741944e-03
   1.2616234e-03
   1.2485463e-03
   1.2377317e-03
   1.2258974e-03
   1.2143473e-03
   1.2032120e-03
   1.1922966e-03
   1.1819761e-03
   1.1718796e-03
   1.1628619e-03
   1.1526734e-03
   1.1442541e-03
   1.1355915e-03
   1.1275725e-03
   1.1184344e-03
   1.1087420e-03
   1.1009028e-03
   1.0918561e-03
   1.0836288e-03
   1.0748283e-03
   1.0667826e-03
   1.0588592e-03
   1.0499089e-03
   1.0423084e-03
   1.0339902e-03
   1.0266595e-03
   1.0196281e-03
   1.0116576e-03
   1.0052479e-03
   9.9844536e-04
   9.9139601e-04
   9.8338057e-04
   9.7731687e-04
   9.7061033e-04
   9.6477012e-04
   9.5902550e-04
   9.5239471e-04
   9.4648661e-04
   9.4033506e-04
   9.3451517e-04
   9.2865021e-04
   9.2352242e-04
   9.1792586e-04
   9.1246245e-04
   9.0677446e-04
   9.0125064e-04
   8.9681039e-04
   8.9148195e-04
   8.8729171e-04
   8.8187418e-04
   8.7764543e-04
   8.7304891e-04
   8.6733335e-04
   8.6256141e-04
   8.5804893e-04
   8.5321569e-04
   8.4890411e-04
   8.4455790e-04
   8.4017445e-04
   8.3600130e-04
   8.3230659e-04
   8.2791699e-04
   8.2355565e-04
   8.1971135e-04
   8.1576347e-04
   8.1184050e-04
   8.0827254e-04
   8.0424223e-04
   8.0107531e-04
   7.9865876e-04
   7.9550439e-04
   7.9224572e-04
   7.8830360e-04
   7.8564701e-04
   7.8239691e-04
   7.7864567e-04
   7.7516103e-04
   7.7159740e-04
   7.6809346e-04
   7.6515502e-04
   7.6203519e-04
   7.5926208e-04
   7.5645083e-04
   7.5299240e-04
   7.5018932e-04
   7.4747627e-04
   7.4523758e-04
   7.4237476e-04
   7.3962510e-04
   7.3723945e-04
   7.3466193e-04
   7.3169343e-04
   7.2847302e-04
   7.2600978e-04
   7.2419127e-04
   7.2194721e-04
   7.1938089e-04
   7.1715027e-04
   7.1497393e-04
   7.1241038e-04
   7.1017654e-04
   7.0843975e-04
   7.0590387e-04
   7.0377317e-04
   7.0164290e-04
   6.9988086e-04
   6.9798179e-04
   6.9614182e-04
   6.9395584e-04
   6.9248177e-04
   6.9032259e-04
   6.8875216e-04
   6.8722566e-04
   6.8541850e-04
   6.8385003e-04
   6.8213701e-04
   6.8000841e-04
   6.7778331e-04
   6.7549652e-04
   6.7311285e-04
   6.7026419e-04
   6.6806935e-04
   6.6539773e-04
   6.6303004e-04
   6.6067453e-04
   6.5893489e-04
   6.5637728e-04
   6.5419214e-04
   6.5190077e-04
   6.4932945e-04
   6.4711922e-04
   6.4490937e-04
   6.4279410e-04
   6.4088711e-04
   6.3929519e-04
   6.3710569e-04
   6.3524508e-04
   6.3346901e-04
   6.3156036e-04
   6.2994338e-04
   6.2802483e-04
   6.2626204e-04
   6.2482918e-04
   6.2318761e-04
   6.2178945e-04
   6.2071754e-04
   6.1935746e-04
   6.1829457e-04
   6.1691885e-04
   6.1580604e-04
   6.1425295e-04
   6.1305278e-04
   6.1180433e-04
   6.1008360e-04
   6.0858761e-04
   6.0665559e-04
   6.0520684e-04
   6.0354712e-04
   6.0229025e-04
   6.0110826e-04
   5.9955014e-04
   5.9811595e-04
   5.9650030e-04
   5.9520978e-04
   5.9380264e-04
   5.9242445e-04
   5.9110095e-04
   5.9017129e-04
   5.8911712e-04
   5.8788918e-04
   5.8678978e-04
   5.8593613e-04
   5.8449759e-04
   5.8341496e-04
   5.8222383e-04
   5.8098134e-04
   5.8038405e-04
   5.7936985e-04
   5.7874094e-04
   5.7787206e-04
   5.7727012e-04
   5.7668878e-04
   5.7599953e-04
   5.7482276e-04
   5.7430025e-04
   5.7352383e-04
   5.7306660e-04
   5.7176461e-04
   5.7048334e-04
   5.6934285e-04
   5.6857165e-04
   5.6791824e-04
   5.6729381e-04
   5.6586351e-04
   5.6523695e-04
   5.6442554e-04
   5.6333900e-04
   5.6242654e-04
   5.6123885e-04
   5.6013557e-04
   5.5939634e-04
   5.5860504e-04
   5.5807600e-04
   5.5725854e-04
   5.5686328e-04
   5.5554811e-04
   5.5476985e-04
   5.5422002e-04
   5.5353760e-04
   5.5297228e-04
   5.5231850e-04
   5.5167152e-04
   5.5088644e-04
   5.5032023e-04
   5.4978837e-04
   5.4909446e-04
   5.4859724e-04
   5.4816661e-04
   5.4730975e-04
   5.4689906e-04
   5.4643922e-04
   5.4591593e-04
   5.4541595e-04
   5.4458646e-04
   5.4399963e-04
   5.4356493e-04
   5.4294139e-04
   5.4242424e-04
   5.4198173e-04
   5.4148180e-04
   5.4140475e-04
   5.4113781e-04
   5.4094518e-04
   5.4117329e-04
   5.4079164e-04
   5.4077667e-04
   5.4081912e-04
   5.4100924e-04
   5.4043835e-04
   5.3988587e-04
   5.3946773e-04
   5.3904114e-04
   5.3859544e-04
   5.3823464e-04
   5.3781454e-04
   5.3739759e-04
   5.3703977e-04
   5.3662641e-04
   5.3603034e-04
   5.3560135e-04
   5.3497208e-04
   5.3465507e-04
   5.3422382e-04
   5.3372740e-04
   5.3332681e-04
   5.3305663e-04
   5.3293833e-04
   5.3282010e-04
   5.3294377e-04
   5.3243239e-04
   5.3209934e-04
   5.3223812e-04
   5.3255365e-04
   5.3218095e-04
   5.3141467e-04
   5.3023073e-04
   5.2939417e-04
   5.2864270e-04
   5.2818030e-04
   5.2726082e-04
   5.2644925e-04
   5.2603249e-04
   5.2504559e-04
   5.2452722e-04
   5.2396206e-04
   5.2307823e-04
   5.2234874e-04
   5.2159835e-04
   5.2053687e-04
   5.1968309e-04
   5.1878685e-04
   5.1872859e-04
   5.1841955e-04
   5.1799625e-04
   5.1764509e-04
   5.1748887e-04
   5.1729908e-04
   5.1695926e-04
   5.1680427e-04
   5.1673182e-04
   5.1656722e-04
   5.1638898e-04
   5.1587075e-04
   5.1586955e-04
   5.1580115e-04
   5.1593525e-04
   5.1604138e-04
   5.1608201e-04
   5.1595192e-04
   5.1572310e-04
   5.1541311e-04
   5.1537360e-04
   5.1510885e-04
   5.1513699e-04
   5.1523235e-04
   5.1462858e-04
   5.1409225e-04
   5.1379132e-04
   5.1338435e-04
   5.1314419e-04
   5.1297092e-04
   5.1281551e-04
   5.1294228e-04
   5.1297730e-04
   5.1238926e-04
   5.1184660e-04
   5.1159947e-04
   5.1155756e-04
   5.1098850e-04
   5.1098071e-04
   5.1105689e-04
   5.1071906e-04
   5.1034934e-04
   5.1008013e-04
   5.1032635e-04
   5.1034504e-04
   5.1010109e-04
   5.1033621e-04
   5.1054898e-04
   5.0993330e-04
   5.0987166e-04
   5.1015168e-04
   5.0955363e-04
   5.0943403e-04
   5.0933099e-04
   5.0942339e-04
   5.0916187e-04
   5.0851981e-04
   5.0852102e-04
   5.0897316e-04
   5.0891714e-04
   5.0900325e-04
   5.0957761e-04
   5.0960908e-04
   5.0951634e-04
   5.0955374e-04
   5.1021699e-04
   5.1018894e-04
   5.0968952e-04
   5.0999614e-04
   5.1088339e-04
   5.1102799e-04
   5.1077106e-04
   5.1082314e-04
   5.1128556e-04
   5.1142274e-04
   5.1130363e-04
   5.1165817e-04
   5.1243775e-04
   5.1227991e-04
   5.1205282e-04
   5.1270609e-04
   5.1303139e-04
   5.1291590e-04
   5.1306380e-04
   5.1344613e-04
   5.1418118e-04
   5.1435919e-04
   5.1434167e-04
   5.1461950e-04
   5.1465542e-04
   5.1414020e-04
   5.1432407e-04
   5.1457860e-04
   5.1527217e-04
   5.1558495e-04
   5.1555053e-04
   5.1577600e-04
   5.1637359e-04
   5.1614688e-04
   5.1610325e-04
   5.1661421e-04
   5.1743037e-04
   5.1836081e-04
   5.1846104e-04
   5.1928270e-04
   5.2048726e-04
   5.2072259e-04
   5.2018221e-04
   5.2007504e-04
   5.2041103e-04
   5.2090046e-04
   5.2099968e-04
   5.2115022e-04
   5.2100701e-04
   5.2149566e-04
   5.2184449e-04
   5.2113647e-04
   5.2063892e-04
   5.2065856e-04
   5.2082470e-04
   5.2042688e-04
   5.1983634e-04
   5.2044889e-04
   5.2169178e-04
   5.2209792e-04
   5.2196398e-04
   5.2217098e-04
   5.2283551e-04
   5.2335231e-04
   5.2387567e-04
   5.2367482e-04
   5.2409715e-04
   5.2544790e-04
   5.2653186e-04
   5.2747627e-04
   5.2867955e-04
   5.2986734e-04
   5.3075860e-04
   5.3056464e-04
   5.3069301e-04
   5.3107497e-04
   5.3211090e-04
   5.3211812e-04
   5.3172995e-04
   5.3143950e-04
   5.3132883e-04
   5.3092520e-04
   5.3038720e-04
   5.2941786e-04
   5.2955245e-04
   5.3082482e-04
   5.3122004e-04
   5.3142676e-04
   5.3071384e-04
   5.3132113e-04
   5.3235207e-04
   5.3254800e-04
   5.3183121e-04
   5.3138031e-04
   5.3201836e-04
   5.3298983e-04
   5.3323999e-04
   5.3309244e-04
   5.3298144e-04
   5.3341305e-04
   5.3390256e-04
   5.3466043e-04
   5.3443226e-04
   5.3375157e-04
   5.3400210e-04
   5.3525958e-04
   5.3561624e-04
   5.3552593e-04
   5.3539957e-04
   5.3550589e-04
   5.3653544e-04
   5.3790993e-04
   5.3876117e-04
   5.3838677e-04
   5.3821908e-04
   5.3923073e-04
   5.4078758e-04
   5.4199411e-04
   5.4178234e-04
   5.4154820e-04
   5.4251337e-04
   5.4435144e-04
   5.4521137e-04
   5.4558182e-04
   5.4537761e-04
   5.4590475e-04
   5.4766554e-04
   5.4901219e-04
   5.4974449e-04
   5.4950230e-04
   5.4965073e-04
   5.5035833e-04
   5.5197265e-04
   5.5332387e-04
   5.5420595e-04
   5.5417354e-04
   5.5404641e-04
   5.5543767e-04
   5.5741658e-04
   5.5960444e-04
   5.6023649e-04
   5.5988071e-04
   5.5977613e-04
   5.6120373e-04
   5.6364740e-04
   5.6515306e-04
   5.6578794e-04
   5.6552112e-04
   5.6596605e-04
   5.6751313e-04
   5.6946238e-04
   5.7133819e-04
   5.7116068e-04
   5.7125341e-04
   5.7225216e-04
   5.7487761e-04
   5.7703657e-04
   5.7734782e-04
   5.7717402e-04
   5.7692421e-04
   5.7763541e-04
   5.7946914e-04
   5.8256319e-04
   5.8424049e-04
   5.8311054e-04
   5.8274061e-04
   5.8468523e-04
   5.8776328e-04
   5.8984348e-04
   5.8979744e-04
   5.8883476e-04
   5.8869677e-04
   5.9136576e-04
   5.9475591e-04
   5.9626499e-04
   5.9587009e-04
   5.9555874e-04
   5.9673004e-04
   6.0035595e-04
   6.0300986e-04
   6.0426250e-04
   6.0324813e-04
   6.0244778e-04
   6.0410023e-04
   6.0782352e-04
   6.1005407e-04
   6.1087908e-04
   6.1009384e-04
   6.1040137e-04
   6.1372593e-04
   6.1708587e-04
   6.2013176e-04
   6.2015515e-04
   6.1968768e-04
   6.1980088e-04
   6.2209355e-04
   6.2535712e-04
   6.2779831e-04
   6.2798189e-04
   6.2764716e-04
   6.2762329e-04
   6.2940685e-04
   6.3311987e-04
   6.3636177e-04
   6.3784824e-04
   6.3755731e-04
   6.3667036e-04
   6.3944296e-04
   6.4188912e-04
   6.4520536e-04
   6.4736142e-04
   6.4793567e-04
   6.4779421e-04
   6.4827780e-04
   6.5052964e-04
   6.5445944e-04
   6.5790204e-04
   6.5990209e-04
   6.5958755e-04
   6.5855017e-04
   6.5987951e-04
   6.6315342e-04
   6.6662673e-04
   6.6906962e-04
   6.6982932e-04
   6.6895675e-04
   6.6921366e-04
   6.7225447e-04
   6.7609881e-04
   6.7960601e-04
   6.8194791e-04
   6.8199342e-04
   6.8142787e-04
   6.8310734e-04
   6.8660280e-04
   6.9055770e-04
   6.9494354e-04
   6.9654617e-04
   6.9597288e-04
   6.9595475e-04
   6.9784097e-04
   7.0210445e-04
   7.0625458e-04
   7.0823834e-04
   7.0948167e-04
   7.0977224e-04
   7.0998653e-04
   7.1367112e-04
   7.1879637e-04
   7.2367256e-04
   7.2638687e-04
   7.2832370e-04
   7.2831938e-04
   7.2822490e-04
   7.3143177e-04
   7.3549714e-04
   7.3929643e-04
   7.4275831e-04
   7.4451163e-04
   7.4469039e-04
   7.4484936e-04
   7.4778218e-04
   7.5240046e-04
   7.5736932e-04
   7.6081219e-04
   7.6339065e-04
   7.6407765e-04
   7.6492484e-04
   7.6637877e-04
   7.7077649e-04
   7.7588121e-04
   7.8060779e-04
   7.8396722e-04
   7.8685974e-04
   7.8831879e-04
   7.8955912e-04
   7.9295440e-04
   7.9841024e-04
   8.0300235e-04
   8.0683775e-04
   8.0881894e-04
   8.1004948e-04
   8.1359728e-04
   8.1763097e-04
   8.2111789e-04
   8.2577099e-04
   8.2822539e-04
   8.3206076e-04
   8.3427984e-04
   8.3632930e-04
   8.3955198e-04
   8.4342092e-04
   8.4863752e-04
   8.5444364e-04
   8.6177392e-04
   8.6638467e-04
   8.7045076e-04
   8.7214644e-04
   8.7412618e-04
   8.7669673e-04
   8.8172957e-04
   8.8832259e-04
   8.9393195e-04
   8.9964849e-04
   9.0469833e-04
   9.0727645e-04
   9.0967695e-04
   9.1264856e-04
   9.1733305e-04
   9.2376137e-04
   9.2953770e-04
   9.3586613e-04
   9.4217869e-04
   9.4826620e-04
   9.5348908e-04
   9.5676784e-04
   9.6180203e-04
   9.6961052e-04
   9.7757278e-04
   9.8425301e-04
   9.9114336e-04
   9.9650303e-04
   1.0022545e-03
   1.0067333e-03
   1.0090485e-03
   1.0134555e-03
   1.0195359e-03
   1.0249947e-03
   1.0301377e-03
   1.0344627e-03
   1.0382965e-03
   1.0427516e-03
   1.0446683e-03
   1.0471730e-03
   1.0503116e-03
   1.0560942e-03
   1.0630542e-03
   1.0687411e-03
   1.0737641e-03
   1.0776524e-03
   1.0826037e-03
   1.0865702e-03
   1.0914421e-03
   1.0974484e-03
   1.1066885e-03
   1.1144849e-03
   1.1217083e-03
   1.1269551e-03
   1.1333446e-03
   1.1387372e-03
   1.1447468e-03
   1.1524735e-03
   1.1613900e-03
   1.1696107e-03
   1.1783288e-03
   1.1863097e-03
   1.1933090e-03
   1.2002318e-03
   1.2074418e-03
   1.2147917e-03
   1.2232964e-03
   1.2328596e-03
   1.2431441e-03
   1.2532831e-03
   1.2614562e-03
   1.2707846e-03
   1.2795962e-03
   1.2869624e-03
   1.2968181e-03
   1.3055966e-03
   1.3179289e-03
   1.3287469e-03
   1.3402162e-03
   1.3515089e-03
   1.3611165e-03
   1.3705568e-03
   1.3794267e-03
   1.3894063e-03
   1.4009859e-03
   1.4162548e-03
   1.4295199e-03
   1.4417555e-03
   1.4523415e-03
   1.4632352e-03
   1.4759168e-03
   1.4871883e-03
   1.4981524e-03
   1.5140096e-03
   1.5321311e-03
   1.5479468e-03
   1.5644215e-03
   1.5792721e-03
   1.5898422e-03
   1.6016336e-03
   1.6144992e-03
   1.6292811e-03
   1.6454986e-03
   1.6623274e-03
   1.6805113e-03
   1.6988984e-03
   1.7160377e-03
   1.7327416e-03
   1.7482735e-03
   1.7659615e-03
   1.7839632e-03
   1.7994407e-03
   1.8211630e-03
   1.8459393e-03
   1.8712353e-03
   1.8981663e-03
   1.9219789e-03
   1.9435419e-03
   1.9656916e-03
   1.9882596e-03
   2.0142132e-03
   2.0389336e-03
   2.0660779e-03
   2.0909293e-03
   2.1173388e-03
   2.1373605e-03
   2.1552596e-03
   2.1704579e-03
   2.1869105e-03
   2.2060788e-03
   2.2249774e-03
   2.2446724e-03
   2.2649244e-03
   2.2843674e-03
   2.3041016e-03
   2.3183667e-03
   2.3314372e-03
   2.3450220e-03
   2.3598304e-03
   2.3770759e-03
   2.3958480e-03
   2.4163767e-03
   2.4375610e-03
   2.4638120e-03
   2.4878220e-03
   2.5101890e-03
   2.5299321e-03
   2.5515381e-03
   2.5785355e-03
   2.6075444e-03
   2.6425255e-03
   2.6767259e-03
   2.7169550e-03
   2.7561258e-03
   2.7943678e-03
   2.8313272e-03
   2.8639255e-03
   2.8978081e-03
   2.9356110e-03
   2.9780502e-03
   3.0269217e-03
   3.0761268e-03
   3.1293064e-03
   3.1857428e-03
   3.2398261e-03
   3.2918384e-03
   3.3423734e-03
   3.3897331e-03
   3.4427469e-03
   3.4985081e-03
   3.5619844e-03
   3.6270830e-03
   3.6972042e-03
   3.7714092e-03
   3.8473516e-03
   3.9182136e-03
   3.9892886e-03
   4.0549248e-03
   4.1267055e-03
   4.2064392e-03
   4.2902031e-03
   4.3787870e-03
   4.4711469e-03
   4.5706267e-03
   4.6723286e-03
   4.7702957e-03
   4.8668347e-03
   4.9607994e-03
   5.0533160e-03
   5.1558816e-03
   5.2612189e-03
   5.3706360e-03
   5.4869799e-03
   5.6138165e-03
   5.7514649e-03
   5.8893062e-03
   6.0309559e-03
   6.1670696e-03
   6.2923734e-03
   6.4344881e-03
   6.5829374e-03
   6.7442602e-03
   6.9071523e-03
   7.0744632e-03
   7.2520166e-03
   7.4175016e-03
   7.5839210e-03
   7.7400070e-03
   7.8826278e-03
   8.0161341e-03
   8.1512732e-03
   8.2838500e-03
   8.4406852e-03
   8.5975380e-03
   8.7626079e-03
   8.9316167e-03
   9.1158308e-03
   9.2979022e-03
   9.4701519e-03
   9.6489067e-03
   9.8025816e-03
   9.9694335e-03
   1.0141241e-02
   1.0306448e-02
   1.0484402e-02
   1.0679783e-02
   1.0877601e-02
   1.1093811e-02
   1.1322982e-02
   1.1544628e-02
   1.1775033e-02
   1.1978203e-02
   1.2178949e-02
   1.2378517e-02
   1.2598652e-02
   1.2818214e-02
   1.3062395e-02
   1.3315023e-02
   1.3608056e-02
   1.3898695e-02
   1.4188760e-02
   1.4469565e-02
   1.4719691e-02
   1.4986866e-02
   1.5246062e-02
   1.5505752e-02
   1.5779664e-02
   1.6074935e-02
   1.6365843e-02
   1.6676097e-02
   1.6998528e-02
   1.7283827e-02
   1.7589257e-02
   1.7875443e-02
   1.8195095e-02
   1.8484699e-02
   1.8754922e-02
   1.9035789e-02
   1.9330746e-02
   1.9655017e-02
   2.0008816e-02
   2.0367601e-02
   2.0805282e-02
   2.1163832e-02
   2.1559958e-02
   2.1929761e-02
   2.2306366e-02
   2.2661871e-02
   2.2989583e-02
   2.3375594e-02
   2.3782687e-02
   2.4189957e-02
   2.4663770e-02
   2.5118910e-02
   2.5575131e-02
   2.6018891e-02
   2.6579493e-02
   2.7038444e-02
   2.7438454e-02
   2.7929561e-02
   2.8312229e-02
   2.8829378e-02
   2.9391956e-02
   2.9871416e-02
   3.0404468e-02
   3.0932553e-02
   3.1589143e-02
   3.2210458e-02
   3.2866465e-02
   3.3523954e-02
   3.4086727e-02
   3.4614827e-02
   3.5022286e-02
   3.5560288e-02
   3.6094282e-02
   3.6650668e-02
   3.7453478e-02
   3.8111182e-02
   3.8764995e-02
   3.9515198e-02
   4.0180422e-02
   4.0935020e-02
   4.1677572e-02
   4.2228731e-02
   4.2787439e-02
   4.3327976e-02
   4.4017679e-02
   4.4612491e-02
   4.5554602e-02
   4.6320792e-02
   4.7333466e-02
   4.8234846e-02
   4.9090557e-02
   5.0049863e-02
   5.0753186e-02
   5.1277057e-02
   5.1872650e-02
   5.2527703e-02
   5.3320253e-02
   5.4182555e-02
   5.5406674e-02
   5.6425848e-02
   5.7200676e-02
   5.8321585e-02
   5.9393018e-02
   6.0505116e-02
   6.1279323e-02
   6.1654979e-02
   6.2398669e-02
   6.3362184e-02
   6.4377978e-02
   6.5443963e-02
   6.6543528e-02
   6.7858582e-02
   6.8832476e-02
   6.9993504e-02
   7.0807966e-02
   7.1616898e-02
   7.2531363e-02
   7.3115161e-02
   7.4312923e-02
   7.5460370e-02
   7.6268468e-02
   7.7405906e-02
   7.8676033e-02
   7.9675955e-02
   8.0731871e-02
   8.1555602e-02
   8.2437660e-02
   8.3029666e-02
   8.3860007e-02
   8.4741974e-02
   8.5776699e-02
   8.7336595e-02
   8.7923326e-02
   8.9262075e-02
   9.0238731e-02
   9.1576823e-02
   9.2581372e-02
   9.3356166e-02
   9.4055750e-02
   9.5231294e-02
   9.5565916e-02
   9.6987387e-02
   9.7737619e-02
   9.8652329e-02
   9.9206309e-02
   9.9232124e-02
   1.0013030e-01
   1.0051416e-01