   2.6203790e-04
   2.5747493e-04
   2.5262472e-04
   2.4813492e-04
   2.4349102e-04
   2.3849297e-04
   2.3441926e-04
   2.3038362e-04
   2.2648584e-04
   2.2258422e-04
   2.1887104e-04
   2.1555454e-04
   2.1231856e-04
   2.0909171e-04
   2.0590146e-04
   2.0308645e-04
   2.0025188e-04
   1.9788513e-04
   1.9530665e-04
   1.9283515e-04
   1.9071480e-04
   1.8843553e-04
   1.8630393e-04
   1.8430607e-04
   1.8231851e-04
   1.8036283e-04
   1.7850431e-04
   1.7685267e-04
   1.7528388e-04
   1.7377005e-04
   1.7219381e-04
   1.7050701e-04
   1.6902446e-04
   1.6786453e-04
   1.6645432e-04
   1.6518470e-04
   1.6381856e-04
   1.6274787e-04
   1.6158604e-04
   1.6030676e-04
   1.5930963e-04
   1.5810015e-04
   1.5705023e-04
   1.5584908e-04
   1.5468928e-04
   1.5370923e-04
   1.5259185e-04
   1.5174274e-04
   1.5050134e-04
   1.4966631e-04
   1.4877318e-04
   1.4767265e-04
   1.4675997e-04
   1.4585832e-04
   1.4498153e-04
   1.4417093e-04
   1.4320658e-04
   1.4216617e-04
   1.4127495e-04
   1.4050486e-04
   1.3965451e-04
   1.3884967e-04
   1.3794470e-04
   1.3703199e-04
   1.3611918e-04
   1.3531289e-04
   1.3442680e-04
   1.3359680e-04
   1.3288601e-04
   1.3205724e-04
   1.3121870e-04
   1.3050991e-04
   1.2984757e-04
   1.2915036e-04
   1.2847721e-04
   1.2788259e-04
   1.2728699e-04
   1.2661227e-04
   1.2590521e-04
   1.2532571e-04
   1.2467025e-04
   1.2408079e-04
   1.2342289e-04
   1.2290871e-04
   1.2223032e-04
   1.2164090e-04
   1.2107008e-04
   1.2035816e-04
   1.1963332e-04
   1.1907388e-04
   1.1842405e-04
   1.1786395e-04
   1.1736098e-04
   1.1673484e-04
   1.1625829e-04
   1.1573128e-04
   1.1535002e-04
   1.1490365e-04
   1.1435396e-04
   1.1389242e-04
   1.1340897e-04
   1.1288799e-04
   1.1241639e-04
   1.1194261e-04
   1.1146898e-04
   1.1104837e-04
   1.1060199e-04
   1.1021710e-04
   1.0984046e-04
   1.0934026e-04
   1.0891350e-04
   1.0858658e-04
   1.0825734e-04
   1.0789653e-04
   1.0753076e-04
   1.0720405e-04
   1.0692001e-04
   1.0652266e-04
   1.0615854e-04
   1.0583372e-04
   1.0549427e-04
   1.0525062e-04
   1.0492206e-04
   1.0463863e-04
   1.0433338e-04
   1.0392960e-04
   1.0366055e-04
   1.0340878e-04
   1.0311500e-04
   1.0285021e-04
   1.0255456e-04
   1.0224831e-04
   1.0202586e-04
   1.0174325e-04
   1.0149546e-04
   1.0123634e-04
   1.0091377e-04
   1.0066466e-04
   1.0048233e-04
   1.0020763e-04
   1.0000975e-04
   9.9726984e-05
   9.9432532e-05
   9.9109003e-05
   9.8788760e-05
   9.8445629e-05
   9.8062925e-05
   9.7796179e-05
   9.7420695e-05
   9.7057037e-05
   9.6844827e-05
   9.6511031e-05
   9.6198286e-05
   9.5879351e-05
   9.5566575e-05
   9.5281227e-05
   9.4988314e-05
   9.4685407e-05
   9.4412040e-05
   9.4091445e-05
   9.3869429e-05
   9.3591043e-05
   9.3323328e-05
   9.3054904e-05
   9.2798949e-05
   9.2570555e-05
   9.2327956e-05
   9.2036838e-05
   9.1853956e-05
   9.1582779e-05
   9.1359740e-05
   9.1161454e-05
   9.0980245e-05
   9.0787406e-05
   9.0562244e-05
   9.0396954e-05
   9.0253987e-05
   9.0087511e-05
   8.9921337e-05
   8.9675985e-05
   8.9430057e-05
   8.9227746e-05
   8.9063352e-05
   8.8840037e-05
   8.8702609e-05
   8.8492159e-05
   8.8339268e-05
   8.8196575e-05
   8.7999742e-05
   8.7843282e-05
   8.7684086e-05
   8.7515903e-05
   8.7348284e-05
   8.7253952e-05
   8.7109265e-05
   8.6918747e-05
   8.6788615e-05
   8.6664129e-05
   8.6433402e-05
   8.6326485e-05
   8.6150990e-05
   8.5951807e-05
   8.5828481e-05
   8.5711557e-05
   8.5572152e-05
   8.5470832e-05
   8.5320099e-05
   8.5221693e-05
   8.5095690e-05
   8.4919655e-05
   8.4848605e-05
   8.4750737e-05
   8.4645134e-05
   8.4494754e-05
   8.4305999e-05
   8.4196410e-05
   8.4093440e-05
   8.3992968e-05
   8.3932830e-05
   8.3762649e-05
   8.3686065e-05
   8.3605956e-05
   8.3481423e-05
   8.3429584e-05
   8.3305257e-05
   8.3208099e-05
   8.3126933e-05
   8.2977602e-05
   8.2890012e-05
   8.2778762e-05
   8.2691385e-05
   8.2576314e-05
   8.2512594e-05
   8.2469452e-05
   8.2402561e-05
   8.2291210e-05
   8.2190531e-05
   8.2085808e-05
   8.1931794e-05
   8.1910755e-05
   8.1811690e-05
   8.1716234e-05
   8.1665035e-05
   8.1553455e-05
   8.1408370e-05
   8.1315348e-05
   8.1250875e-05
   8.1210420e-05
   8.1144986e-05
   8.1047000e-05
   8.1003558e-05
   8.0910186e-05
   8.0830716e-05
   8.0753615e-05
   8.0723063e-05
   8.0690672e-05
   8.0703329e-05
   8.0731355e-05
   8.0714937e-05
   8.0775806e-05
   8.0738605e-05
   8.0789167e-05
   8.0800070e-05
   8.0858295e-05
   8.0801345e-05
   8.0793129e-05
   8.0801222e-05
   8.0736672e-05
   8.0690538e-05
   8.0619059e-05
   8.0548532e-05
   8.0487620e-05
   8.0410738e-05
   8.0325367e-05
   8.0276975e-05
   8.0193422e-05
   8.0089430e-05
   8.0019097e-05
   7.9982974e-05
   7.9868821e-05
   7.9843525e-05
   7.9768186e-05
   7.9720670e-05
   7.9718086e-05
   7.9746021e-05
   7.9719065e-05
   7.9708556e-05
   7.9735802e-05
   7.9773167e-05
   7.9801614e-05
   7.9721257e-05
   7.9583988e-05
   7.9472929e-05
   7.9431028e-05
   7.9295668e-05
   7.9157388e-05
   7.9066637e-05
   7.9051721e-05
   7.8978864e-05
   7.8919806e-05
   7.8847822e-05
   7.8753532e-05
   7.8652792e-05
   7.8602726e-05
   7.8461893e-05
   7.8411425e-05
   7.8304578e-05
   7.8235632e-05
   7.8168318e-05
   7.8122853e-05
   7.8092115e-05
   7.8076104e-05
   7.8080508e-05
   7.8004779e-05
   7.7931284e-05
   7.7896387e-05
   7.7889730e-05
   7.7839898e-05
   7.7832104e-05
   7.7792156e-05
   7.7794164e-05
   7.7781628e-05
   7.7743893e-05
   7.7698190e-05
   7.7694036e-05
   7.7650726e-05
   7.7647649e-05
   7.7678006e-05
   7.7607869e-05
   7.7589628e-05
   7.7566900e-05
   7.7515420e-05
   7.7490616e-05
   7.7465396e-05
   7.7423168e-05
   7.7410857e-05
   7.7412196e-05
   7.7434622e-05
   7.7405322e-05
   7.7390088e-05
   7.7367913e-05
   7.7298336e-05
   7.7291407e-05
   7.7313684e-05
   7.7280294e-05
   7.7267879e-05
   7.7272560e-05
   7.7290611e-05
   7.7312668e-05
   7.7294806e-05
   7.7331223e-05
   7.7340190e-05
   7.7362584e-05
   7.7422862e-05
   7.7446674e-05
   7.7375648e-05
   7.7414603e-05
   7.7441616e-05
   7.7368785e-05
   7.7343777e-05
   7.7340501e-05
   7.7391856e-05
   7.7381419e-05
   7.7309282e-05
   7.7352159e-05
   7.7405385e-05
   7.7437767e-05
   7.7426202e-05
   7.7481032e-05
   7.7519087e-05
   7.7506430e-05
   7.7502446e-05
   7.7578305e-05
   7.7638230e-05
   7.7610139e-05
   7.7641630e-05
   7.7747801e-05
   7.7787309e-05
   7.7768391e-05
   7.7792482e-05
   7.7854679e-05
   7.7849307e-05
   7.7871954e-05
   7.7927492e-05
   7.8019435e-05
   7.8055322e-05
   7.8030137e-05
   7.8116148e-05
   7.8215213e-05
   7.8205739e-05
   7.8258099e-05
   7.8335268e-05
   7.8455573e-05
   7.8503692e-05
   7.8498821e-05
   7.8559406e-05
   7.8621575e-05
   7.8569804e-05
   7.8627209e-05
   7.8692979e-05
   7.8787357e-05
   7.8835319e-05
   7.8830104e-05
   7.8908364e-05
   7.8978683e-05
   7.9023956e-05
   7.9039909e-05
   7.9159563e-05
   7.9294691e-05
   7.9518616e-05
   7.9529232e-05
   7.9654582e-05
   7.9825946e-05
   7.9918276e-05
   7.9891560e-05
   7.9927687e-05
   8.0010237e-05
   8.0110064e-05
   8.0165255e-05
   8.0139686e-05
   8.0132560e-05
   8.0259764e-05
   8.0360016e-05
   8.0353996e-05
   8.0342699e-05
   8.0360984e-05
   8.0433440e-05
   8.0432692e-05
   8.0361477e-05
   8.0432765e-05
   8.0649032e-05
   8.0806513e-05
   8.0846043e-05
   8.0914831e-05
   8.1049268e-05
   8.1207207e-05
   8.1302584e-05
   8.1331798e-05
   8.1458351e-05
   8.1657397e-05
   8.1836309e-05
   8.1997119e-05
   8.2196377e-05
   8.2382834e-05
   8.2561686e-05
   8.2661787e-05
   8.2669934e-05
   8.2776902e-05
   8.2925364e-05
   8.2988772e-05
   8.2897598e-05
   8.2830764e-05
   8.2851767e-05
   8.2828584e-05
   8.2749262e-05
   8.2656290e-05
   8.2687542e-05
   8.2833333e-05
   8.2941237e-05
   8.2982642e-05
   8.2908351e-05
   8.2980990e-05
   8.3124800e-05
   8.3208142e-05
   8.3130738e-05
   8.3068649e-05
   8.3224077e-05
   8.3366883e-05
   8.3483821e-05
   8.3658281e-05
   8.3810706e-05
   8.3880651e-05
   8.3938368e-05
   8.4108222e-05
   8.4177772e-05
   8.4114160e-05
   8.4173172e-05
   8.4327539e-05
   8.4437232e-05
   8.4436634e-05
   8.4385565e-05
   8.4388055e-05
   8.4532275e-05
   8.4732815e-05
   8.4856709e-05
   8.4862346e-05
   8.4854106e-05
   8.4945353e-05
   8.5126861e-05
   8.5315421e-05
   8.5371402e-05
   8.5350472e-05
   8.5454691e-05
   8.5732174e-05
   8.5841678e-05
   8.5946974e-05
   8.5895485e-05
   8.5910100e-05
   8.6120163e-05
   8.6316869e-05
   8.6472944e-05
   8.6494769e-05
   8.6493155e-05
   8.6565759e-05
   8.6833312e-05
   8.7103965e-05
   8.7282367e-05
   8.7334870e-05
   8.7351123e-05
   8.7596064e-05
   8.7846353e-05
   8.8159811e-05
   8.8320222e-05
   8.8314802e-05
   8.8341252e-05
   8.8594316e-05
   8.9024635e-05
   8.9377352e-05
   8.9542559e-05
   8.9511825e-05
   8.9583870e-05
   8.9869260e-05
   9.0199880e-05
   9.0513330e-05
   9.0527113e-05
   9.0540075e-05
   9.0685120e-05
   9.1042023e-05
   9.1425937e-05
   9.1572497e-05
   9.1545148e-05
   9.1495376e-05
   9.1616193e-05
   9.1996484e-05
   9.2450847e-05
   9.2733808e-05
   9.2687387e-05
   9.2588159e-05
   9.2821445e-05
   9.3338420e-05
   9.3807513e-05
   9.3800708e-05
   9.3613498e-05
   9.3645908e-05
   9.4080914e-05
   9.4683937e-05
   9.4938635e-05
   9.4950412e-05
   9.4861191e-05
   9.4981380e-05
   9.5507584e-05
   9.5950585e-05
   9.6192748e-05
   9.6066853e-05
   9.5924615e-05
   9.6168299e-05
   9.6734732e-05
   9.7157788e-05
   9.7337950e-05
   9.7259295e-05
   9.7291593e-05
   9.7762221e-05
   9.8371535e-05
   9.8758948e-05
   9.8826823e-05
   9.8712732e-05
   9.8762744e-05
   9.9077617e-05
   9.9615085e-05
   1.0006552e-04
   1.0016359e-04
   1.0013799e-04
   1.0008513e-04
   1.0036658e-04
   1.0099917e-04
   1.0156905e-04
   1.0180523e-04
   1.0176508e-04
   1.0165911e-04
   1.0201889e-04
   1.0234709e-04
   1.0293271e-04
   1.0340965e-04
   1.0355537e-04
   1.0352823e-04
   1.0354254e-04
   1.0386210e-04
   1.0450220e-04
   1.0508032e-04
   1.0537578e-04
   1.0538739e-04
   1.0515925e-04
   1.0535455e-04
   1.0587033e-04
   1.0646865e-04
   1.0695037e-04
   1.0704914e-04
   1.0704176e-04
   1.0707292e-04
   1.0739173e-04
   1.0798766e-04
   1.0866690e-04
   1.0905579e-04
   1.0913031e-04
   1.0897611e-04
   1.0914270e-04
   1.0971281e-04
   1.1039093e-04
   1.1103075e-04
   1.1139508e-04
   1.1136084e-04
   1.1132464e-04
   1.1172830e-04
   1.1239806e-04
   1.1307979e-04
   1.1343735e-04
   1.1371024e-04
   1.1378971e-04
   1.1374331e-04
   1.1423188e-04
   1.1501072e-04
   1.1586904e-04
   1.1649223e-04
   1.1681919e-04
   1.1685190e-04
   1.1699833e-04
   1.1750847e-04
   1.1817873e-04
   1.1867004e-04
   1.1943106e-04
   1.1979404e-04
   1.1989935e-04
   1.1993644e-04
   1.2036421e-04
   1.2117124e-04
   1.2200190e-04
   1.2271354e-04
   1.2312726e-04
   1.2332863e-04
   1.2342813e-04
   1.2378301e-04
   1.2450088e-04
   1.2540050e-04
   1.2621961e-04
   1.2681586e-04
   1.2742372e-04
   1.2771816e-04
   1.2802135e-04
   1.2859026e-04
   1.2953630e-04
   1.3046982e-04
   1.3122814e-04
   1.3176785e-04
   1.3203400e-04
   1.3261139e-04
   1.3338698e-04
   1.3408465e-04
   1.3472420e-04
   1.3515350e-04
   1.3582379e-04
   1.3634328e-04
   1.3663297e-04
   1.3711439e-04
   1.3782048e-04
   1.3873946e-04
   1.3975962e-04
   1.4083558e-04
   1.4177206e-04
   1.4237998e-04
   1.4268739e-04
   1.4298179e-04
   1.4338045e-04
   1.4412236e-04
   1.4511281e-04
   1.4598586e-04
   1.4687361e-04
   1.4778888e-04
   1.4819305e-04
   1.4861949e-04
   1.4903872e-04
   1.4967404e-04
   1.5071602e-04
   1.5173174e-04
   1.5284578e-04
   1.5377229e-04
   1.5469703e-04
   1.5551923e-04
   1.5609823e-04
   1.5682113e-04
   1.5803998e-04
   1.5938217e-04
   1.6057402e-04
   1.6169167e-04
   1.6259241e-04
   1.6340839e-04
   1.6422566e-04
   1.6468425e-04
   1.6522291e-04
   1.6595498e-04
   1.6686361e-04
   1.6790391e-04
   1.6881366e-04
   1.6948285e-04
   1.7016143e-04
   1.7070682e-04
   1.7118340e-04
   1.7173644e-04
   1.7251766e-04
   1.7343714e-04
   1.7432707e-04
   1.7516259e-04
   1.7576402e-04
   1.7653232e-04
   1.7716230e-04
   1.7804915e-04
   1.7911734e-04
   1.8063639e-04
   1.8203498e-04
   1.8316443e-04
   1.8406989e-04
   1.8495590e-04
   1.8569493e-04
   1.8679390e-04
   1.8819388e-04
   1.8963861e-04
   1.9123518e-04
   1.9259149e-04
   1.9363615e-04
   1.9490137e-04
   1.9607913e-04
   1.9730762e-04
   1.9853917e-04
   1.9984360e-04
   2.0151818e-04
   2.0316187e-04
   2.0455982e-04
   2.0589308e-04
   2.0737855e-04
   2.0889685e-04
   2.1013074e-04
   2.1166486e-04
   2.1310170e-04
   2.1514619e-04
   2.1692006e-04
   2.1887003e-04
   2.2065848e-04
   2.2231422e-04
   2.2393621e-04
   2.2539776e-04
   2.2711742e-04
   2.2895942e-04
   2.3122780e-04
   2.3340680e-04
   2.3547422e-04
   2.3745449e-04
   2.3914641e-04
   2.4123476e-04
   2.4328971e-04
   2.4509180e-04
   2.4771868e-04
   2.5055842e-04
   2.5338450e-04
   2.5595934e-04
   2.5820983e-04
   2.6012657e-04
   2.6227009e-04
   2.6431790e-04
   2.6650240e-04
   2.6916127e-04
   2.7177754e-04
   2.7463349e-04
   2.7751724e-04
   2.8039264e-04
   2.8297436e-04
   2.8552658e-04
   2.8816617e-04
   2.9117016e-04
   2.9402125e-04
   2.9741967e-04
   3.0146969e-04
   3.0587440e-04
   3.1010764e-04
   3.1403284e-04
   3.1739377e-04
   3.2104402e-04
   3.2490129e-04
   3.2913124e-04
   3.3306874e-04
   3.3751601e-04
   3.4177721e-04
   3.4573728e-04
   3.4946832e-04
   3.5251999e-04
   3.5545781e-04
   3.5807444e-04
   3.6133162e-04
   3.6428008e-04
   3.6748342e-04
   3.7089627e-04
   3.7382855e-04
   3.7714702e-04
   3.7960822e-04
   3.8157508e-04
   3.8372868e-04
   3.8619394e-04
   3.8889623e-04
   3.9206332e-04
   3.9532611e-04
   3.9849494e-04
   4.0285088e-04
   4.0720763e-04
   4.1094346e-04
   4.1439039e-04
   4.1774570e-04
   4.2201052e-04
   4.2687574e-04
   4.3250012e-04
   4.3828769e-04
   4.4468444e-04
   4.5129774e-04
   4.5796627e-04
   4.6424838e-04
   4.6958995e-04
   4.7552117e-04
   4.8177207e-04
   4.8887232e-04
   4.9710546e-04
   5.0521962e-04
   5.1390515e-04
   5.2347781e-04
   5.3273218e-04
   5.4163428e-04
   5.4997545e-04
   5.5806295e-04
   5.6676369e-04
   5.7611994e-04
   5.8644705e-04
   5.9681752e-04
   6.0871182e-04
   6.2107888e-04
   6.3393520e-04
   6.4566105e-04
   6.5797882e-04
   6.6886420e-04
   6.8093414e-04
   6.9404896e-04
   7.0771836e-04
   7.2271983e-04
   7.3748554e-04
   7.5462833e-04
   7.7197084e-04
   7.8818782e-04
   8.0412394e-04
   8.2094448e-04
   8.3671253e-04
   8.5306554e-04
   8.7079573e-04
   8.8916125e-04
   9.0893890e-04
   9.3131185e-04
   9.5441195e-04
   9.7720964e-04
   1.0007448e-03
   1.0237203e-03
   1.0452138e-03
   1.0688513e-03
   1.0934708e-03
   1.1200459e-03
   1.1473898e-03
   1.1756107e-03
   1.2052607e-03
   1.2338975e-03
   1.2620368e-03
   1.2879093e-03
   1.3127033e-03
   1.3363455e-03
   1.3594638e-03
   1.3824156e-03
   1.4092914e-03
   1.4351690e-03
   1.4636065e-03
   1.4920016e-03
   1.5224835e-03
   1.5534557e-03
   1.5838259e-03
   1.6129888e-03
   1.6388539e-03
   1.6666166e-03
   1.6949505e-03
   1.7240681e-03
   1.7557001e-03
   1.7871113e-03
   1.8218040e-03
   1.8588632e-03
   1.8947503e-03
   1.9327888e-03
   1.9712894e-03
   2.0072700e-03
   2.0377891e-03
   2.0757150e-03
   2.1101103e-03
   2.1494178e-03
   2.1889356e-03
   2.2335537e-03
   2.2809251e-03
   2.3345967e-03
   2.3826554e-03
   2.4328071e-03
   2.4778463e-03
   2.5225462e-03
   2.5668076e-03
   2.6143096e-03
   2.6583483e-03
   2.7126748e-03
   2.7602993e-03
   2.8090389e-03
   2.8629475e-03
   2.9184844e-03
   2.9697765e-03
   3.0227971e-03
   3.0729559e-03
   3.1220030e-03
   3.1741536e-03
   3.2195919e-03
   3.2756697e-03
   3.3280474e-03
   3.3887121e-03
   3.4539106e-03
   3.5164635e-03
   3.5848603e-03
   3.6528823e-03
   3.7173804e-03
   3.7861140e-03
   3.8416645e-03
   3.9036123e-03
   3.9653238e-03
   4.0379580e-03
   4.1061522e-03
   4.1799320e-03
   4.2644893e-03
   4.3483380e-03
   4.4307429e-03
   4.5119493e-03
   4.5922102e-03
   4.6754325e-03
   4.7538955e-03
   4.8225057e-03
   4.9056381e-03
   4.9907893e-03
   5.0823165e-03
   5.1818175e-03
   5.2824200e-03
   5.3921506e-03
   5.5020230e-03
   5.6070942e-03
   5.7198908e-03
   5.8282203e-03
   5.9286304e-03
   6.0188778e-03
   6.1130760e-03
   6.2198457e-03
   6.3390578e-03
   6.4618753e-03
   6.5922299e-03
   6.7234696e-03
   6.8729497e-03
   7.0133057e-03
   7.1414228e-03
   7.2837113e-03
   7.4027756e-03
   7.5123313e-03
   7.6086761e-03
   7.7250644e-03
   7.8504008e-03
   8.0061697e-03
   8.1634459e-03
   8.3500247e-03
   8.5004178e-03
   8.6746888e-03
   8.8376822e-03
   8.9607943e-03
   9.0991023e-03
   9.2309126e-03
   9.3247212e-03
   9.4371620e-03
   9.6036289e-03
   9.8066306e-03
   1.0021236e-02
   1.0183946e-02
   1.0367245e-02
   1.0568720e-02
   1.0735515e-02
   1.0884469e-02
   1.1004520e-02
   1.1127547e-02
   1.1298777e-02
   1.1488997e-02
   1.1690637e-02
   1.1915521e-02
   1.2118500e-02
   1.2365380e-02
   1.2548660e-02
   1.2754967e-02
   1.2919425e-02
   1.3091667e-02
   1.3216264e-02
   1.3374470e-02
   1.3626845e-02
   1.3810037e-02
   1.4025237e-02
   1.4298896e-02
   1.4528194e-02
   1.4707132e-02
   1.4885804e-02
   1.4988134e-02
   1.5205175e-02
   1.5338039e-02
   1.5551800e-02
   1.5711757e-02
   1.5932202e-02
   1.6186621e-02
   1.6360480e-02
   1.6590757e-02
   1.6790832e-02
   1.6996945e-02
   1.7158934e-02
   1.7301648e-02
   1.7490677e-02
   1.7713914e-02
   1.7896313e-02
   1.7981679e-02
   1.8190852e-02
   1.8301728e-02
   1.8456374e-02
   1.8523090e-02
   1.8606153e-02