   1.8859155e-03
   1.8545490e-03
   1.8172926e-03
   1.7822524e-03
   1.7478572e-03
   1.7131745e-03
   1.6797876e-03
   1.6496322e-03
   1.6204458e-03
   1.5915194e-03
   1.5649229e-03
   1.5406314e-03
   1.5162489e-03
   1.4920824e-03
   1.4706417e-03
   1.4488115e-03
   1.4291793e-03
   1.4098042e-03
   1.3922168e-03
   1.3742532e-03
   1.3568293e-03
   1.3418462e-03
   1.3271097e-03
   1.3117964e-03
   1.2959534e-03
   1.2813722e-03
   1.2686869e-03
   1.2554914e-03
   1.2445744e-03
   1.2326300e-03
   1.2209715e-03
   1.2097303e-03
   1.1987104e-03
   1.1882894e-03
   1.1780936e-03
   1.1689843e-03
   1.1586952e-03
   1.1501881e-03
   1.1414356e-03
   1.1333311e-03
   1.1240991e-03
   1.1143085e-03
   1.1063846e-03
   1.0972440e-03
   1.0889287e-03
   1.0800357e-03
   1.0719030e-03
   1.0638933e-03
   1.0548491e-03
   1.0471644e-03
   1.0387567e-03
   1.0313436e-03
   1.0242319e-03
   1.0161743e-03
   1.0096888e-03
   1.0028076e-03
   9.9567774e-04
   9.8757475e-04
   9.8143776e-04
   9.7465328e-04
   9.6874147e-04
   9.6292599e-04
   9.5621799e-04
   9.5023800e-04
   9.4401292e-04
   9.3812201e-04
   9.3218585e-04
   9.2699230e-04
   9.2132680e-04
   9.1579560e-04
   9.1003845e-04
   9.0444688e-04
   8.9994674e-04
   8.9455244e-04
   8.9030455e-04
   8.8482112e-04
   8.8053500e-04
   8.7587887e-04
   8.7009640e-04
   8.6526437e-04
   8.6069393e-04
   8.5580094e-04
   8.5143351e-04
   8.4703161e-04
   8.4259265e-04
   8.3836578e-04
   8.3462088e-04
   8.3017701e-04
   8.2576206e-04
   8.2186793e-04
   8.1787001e-04
   8.1389763e-04
   8.1028297e-04
   8.0620358e-04
   8.0299336e-04
   8.0053850e-04
   7.9734177e-04
   7.9404059e-04
   7.9005245e-04
   7.8735789e-04
   7.8406683e-04
   7.8027232e-04
   7.7674648e-04
   7.7314179e-04
   7.6959770e-04
   7.6662277e-04
   7.6346600e-04
   7.6065833e-04
   7.5781283e-04
   7.5431735e-04
   7.5148116e-04
   7.4873598e-04
   7.4646804e-04
   7.4357340e-04
   7.4079300e-04
   7.3837889e-04
   7.3577250e-04
   7.3277386e-04
   7.2952277e-04
   7.2703282e-04
   7.2519094e-04
   7.2292210e-04
   7.2033012e-04
   7.1807577e-04
   7.1587641e-04
   7.1328876e-04
   7.1103265e-04
   7.0927600e-04
   7.0671762e-04
   7.0456647e-04
   7.0241621e-04
   7.0063597e-04
   6.9871862e-04
   6.9686101e-04
   6.9465663e-04
   6.9316699e-04
   6.9099037e-04
   6.8940483e-04
   6.8786372e-04
   6.8604146e-04
   6.8445900e-04
   6.8273193e-04
   6.8058846e-04
   6.7834866e-04
   6.7604744e-04
   6.7364952e-04
   6.7078587e-04
   6.6857818e-04
   6.6589299e-04
   6.6351290e-04
   6.6114546e-04
   6.5939569e-04
   6.5682652e-04
   6.5463104e-04
   6.5232951e-04
   6.4974787e-04
   6.4752844e-04
   6.4530978e-04
   6.4318623e-04
   6.4127169e-04
   6.3967306e-04
   6.3747619e-04
   6.3560907e-04
   6.3382695e-04
   6.3191235e-04
   6.3029014e-04
   6.2836624e-04
   6.2659862e-04
   6.2516161e-04
   6.2351591e-04
   6.2211417e-04
   6.2103926e-04
   6.1967611e-04
   6.1861069e-04
   6.1723237e-04
   6.1611742e-04
   6.1456207e-04
   6.1336017e-04
   6.1211018e-04
   6.1038785e-04
   6.0889067e-04
   6.0695752e-04
   6.0550816e-04
   6.0384802e-04
   6.0259116e-04
   6.0140943e-04
   5.9985175e-04
   5.9841829e-04
   5.9680365e-04
   5.9551445e-04
   5.9410889e-04
   5.9273258e-04
   5.9141123e-04
   5.9048391e-04
   5.8943236e-04
   5.8820735e-04
   5.8711112e-04
   5.8626078e-04
   5.8482615e-04
   5.8374752e-04
   5.8256076e-04
   5.8132298e-04
   5.8073016e-04
   5.7972105e-04
   5.7909712e-04
   5.7823374e-04
   5.7763726e-04
   5.7706158e-04
   5.7637841e-04
   5.7520867e-04
   5.7469255e-04
   5.7392318e-04
   5.7347275e-04
   5.7217933e-04
   5.7090700e-04
   5.6977557e-04
   5.6901304e-04
   5.6836837e-04
   5.6775290e-04
   5.6633383e-04
   5.6571693e-04
   5.6491597e-04
   5.6384101e-04
   5.6294005e-04
   5.6176508e-04
   5.6067472e-04
   5.5994765e-04
   5.5916906e-04
   5.5865217e-04
   5.5784823e-04
   5.5746529e-04
   5.5616632e-04
   5.5540263e-04
   5.5486680e-04
   5.5419928e-04
   5.5364872e-04
   5.5301044e-04
   5.5237931e-04
   5.5161112e-04
   5.5106110e-04
   5.5054562e-04
   5.4986928e-04
   5.4938895e-04
   5.4897519e-04
   5.4813792e-04
   5.4774466e-04
   5.4730286e-04
   5.4679831e-04
   5.4631728e-04
   5.4550915e-04
   5.4494253e-04
   5.4452738e-04
   5.4392497e-04
   5.4342858e-04
   5.4300662e-04
   5.4252795e-04
   5.4246936e-04
   5.4222250e-04
   5.4204964e-04
   5.4229449e-04
   5.4193449e-04
   5.4193851e-04
   5.4199967e-04
   5.4220746e-04
   5.4166066e-04
   5.4113243e-04
   5.4073769e-04
   5.4033484e-04
   5.3991330e-04
   5.3957616e-04
   5.3918050e-04
   5.3878820e-04
   5.3845472e-04
   5.3806644e-04
   5.3749743e-04
   5.3709416e-04
   5.3649278e-04
   5.3620084e-04
   5.3579597e-04
   5.3532681e-04
   5.3495270e-04
   5.3470784e-04
   5.3461343e-04
   5.3451919e-04
   5.3466440e-04
   5.3418144e-04
   5.3387506e-04
   5.3403550e-04
   5.3437080e-04
   5.3402551e-04
   5.3329116e-04
   5.3214407e-04
   5.3134069e-04
   5.3062161e-04
   5.3018842e-04
   5.2930359e-04
   5.2852559e-04
   5.2813787e-04
   5.2718690e-04
   5.2669901e-04
   5.2616497e-04
   5.2531621e-04
   5.2462003e-04
   5.2390330e-04
   5.2287942e-04
   5.2206077e-04
   5.2120027e-04
   5.2116735e-04
   5.2088679e-04
   5.2049344e-04
   5.2017131e-04
   5.2004168e-04
   5.1987888e-04
   5.1956795e-04
   5.1943950e-04
   5.1939250e-04
   5.1925450e-04
   5.1910301e-04
   5.1861590e-04
   5.1863912e-04
   5.1859596e-04
   5.1875264e-04
   5.1888165e-04
   5.1894597e-04
   5.1884175e-04
   5.1864005e-04
   5.1835823e-04
   5.1834330e-04
   5.1810607e-04
   5.1815781e-04
   5.1827585e-04
   5.1770403e-04
   5.1719876e-04
   5.1692575e-04
   5.1654811e-04
   5.1633504e-04
   5.1618795e-04
   5.1605848e-04
   5.1620730e-04
   5.1626562e-04
   5.1570948e-04
   5.1519818e-04
   5.1497834e-04
   5.1496087e-04
   5.1442376e-04
   5.1444000e-04
   5.1453903e-04
   5.1423006e-04
   5.1388978e-04
   5.1364864e-04
   5.1391537e-04
   5.1395798e-04
   5.1374195e-04
   5.1399782e-04
   5.1423167e-04
   5.1364991e-04
   5.1361377e-04
   5.1391398e-04
   5.1335015e-04
   5.1325733e-04
   5.1318093e-04
   5.1329685e-04
   5.1306487e-04
   5.1245909e-04
   5.1248585e-04
   5.1295576e-04
   5.1292647e-04
   5.1303692e-04
   5.1362691e-04
   5.1368384e-04
   5.1361902e-04
   5.1368211e-04
   5.1435932e-04
   5.1435837e-04
   5.1389546e-04
   5.1422308e-04
   5.1511980e-04
   5.1528860e-04
   5.1506416e-04
   5.1514268e-04
   5.1562306e-04
   5.1578503e-04
   5.1569635e-04
   5.1607119e-04
   5.1686170e-04
   5.1673540e-04
   5.1654172e-04
   5.1720844e-04
   5.1755463e-04
   5.1747035e-04
   5.1764344e-04
   5.1804536e-04
   5.1879142e-04
   5.1899388e-04
   5.1900577e-04
   5.1930576e-04
   5.1937007e-04
   5.1889791e-04
   5.1910688e-04
   5.1938471e-04
   5.2008966e-04
   5.2042414e-04
   5.2042110e-04
   5.2067088e-04
   5.2128224e-04
   5.2109296e-04
   5.2108186e-04
   5.2160904e-04
   5.2243222e-04
   5.2336614e-04
   5.2349452e-04
   5.2432261e-04
   5.2552197e-04
   5.2578103e-04
   5.2528833e-04
   5.2521608e-04
   5.2557313e-04
   5.2607864e-04
   5.2620653e-04
   5.2638420e-04
   5.2627814e-04
   5.2678274e-04
   5.2715221e-04
   5.2650178e-04
   5.2605567e-04
   5.2610858e-04
   5.2630272e-04
   5.2595461e-04
   5.2542236e-04
   5.2604600e-04
   5.2727485e-04
   5.2769985e-04
   5.2760635e-04
   5.2784029e-04
   5.2851300e-04
   5.2904386e-04
   5.2958086e-04
   5.2942367e-04
   5.2986371e-04
   5.3119298e-04
   5.3226671e-04
   5.3320659e-04
   5.3439476e-04
   5.3556817e-04
   5.3645686e-04
   5.3630356e-04
   5.3645984e-04
   5.3685932e-04
   5.3788576e-04
   5.3792557e-04
   5.3758687e-04
   5.3734251e-04
   5.3727065e-04
   5.3691940e-04
   5.3644094e-04
   5.3555309e-04
   5.3571730e-04
   5.3696401e-04
   5.3737573e-04
   5.3760796e-04
   5.3696618e-04
   5.3757916e-04
   5.3859445e-04
   5.3881619e-04
   5.3817180e-04
   5.3778104e-04
   5.3842205e-04
   5.3937874e-04
   5.3965184e-04
   5.3954836e-04
   5.3947986e-04
   5.3992449e-04
   5.4042367e-04
   5.4117635e-04
   5.4099685e-04
   5.4039106e-04
   5.4066421e-04
   5.4188666e-04
   5.4225931e-04
   5.4221037e-04
   5.4212778e-04
   5.4226447e-04
   5.4327004e-04
   5.4460093e-04
   5.4543881e-04
   5.4512079e-04
   5.4499814e-04
   5.4598588e-04
   5.4748795e-04
   5.4866039e-04
   5.4849383e-04
   5.4830661e-04
   5.4925005e-04
   5.5101796e-04
   5.5186265e-04
   5.5224446e-04
   5.5208313e-04
   5.5261261e-04
   5.5430820e-04
   5.5561330e-04
   5.5633677e-04
   5.5613694e-04
   5.5630710e-04
   5.5700636e-04
   5.5856472e-04
   5.5987475e-04
   5.6073990e-04
   5.6073661e-04
   5.6064353e-04
   5.6199120e-04
   5.6389860e-04
   5.6600764e-04
   5.6663504e-04
   5.6632071e-04
   5.6624595e-04
   5.6763048e-04
   5.6998598e-04
   5.7144792e-04
   5.7207748e-04
   5.7184453e-04
   5.7229197e-04
   5.7379345e-04
   5.7568143e-04
   5.7750092e-04
   5.7735048e-04
   5.7745929e-04
   5.7843710e-04
   5.8097811e-04
   5.8307384e-04
   5.8339137e-04
   5.8324181e-04
   5.8301922e-04
   5.8372120e-04
   5.8550414e-04
   5.8850483e-04
   5.9014091e-04
   5.8906538e-04
   5.8872437e-04
   5.9061743e-04
   5.9360863e-04
   5.9563742e-04
   5.9560704e-04
   5.9468924e-04
   5.9457006e-04
   5.9716828e-04
   6.0046960e-04
   6.0194783e-04
   6.0157700e-04
   6.0128743e-04
   6.0243716e-04
   6.0597346e-04
   6.0856818e-04
   6.0979957e-04
   6.0882267e-04
   6.0805475e-04
   6.0967449e-04
   6.1331374e-04
   6.1550026e-04
   6.1631556e-04
   6.1555900e-04
   6.1586896e-04
   6.1912476e-04
   6.2241836e-04
   6.2540749e-04
   6.2543900e-04
   6.2499005e-04
   6.2510933e-04
   6.2736184e-04
   6.3056674e-04
   6.3296746e-04
   6.3315510e-04
   6.3283453e-04
   6.3281867e-04
   6.3457475e-04
   6.3822448e-04
   6.4141399e-04
   6.4288061e-04
   6.4260151e-04
   6.4173713e-04
   6.4446674e-04
   6.4687659e-04
   6.5014260e-04
   6.5226879e-04
   6.5283946e-04
   6.5270614e-04
   6.5318750e-04
   6.5540821e-04
   6.5928070e-04
   6.6267496e-04
   6.6464953e-04
   6.6434493e-04
   6.6332858e-04
   6.6464249e-04
   6.6787161e-04
   6.7129790e-04
   6.7370955e-04
   6.7446275e-04
   6.7360748e-04
   6.7386510e-04
   6.7686602e-04
   6.8065944e-04
   6.8412112e-04
   6.8643426e-04
   6.8648318e-04
   6.8592955e-04
   6.8758944e-04
   6.9104017e-04
   6.9494441e-04
   6.9927416e-04
   7.0085869e-04
   7.0029671e-04
   7.0028234e-04
   7.0214648e-04
   7.0635597e-04
   7.1045396e-04
   7.1241457e-04
   7.1364458e-04
   7.1393442e-04
   7.1414893e-04
   7.1778781e-04
   7.2284861e-04
   7.2766393e-04
   7.3034573e-04
   7.3226016e-04
   7.3225859e-04
   7.3216797e-04
   7.3533590e-04
   7.3935134e-04
   7.4310428e-04
   7.4652427e-04
   7.4825756e-04
   7.4843634e-04
   7.4859552e-04
   7.5149321e-04
   7.5605512e-04
   7.6096348e-04
   7.6436525e-04
   7.6691350e-04
   7.6759385e-04
   7.6843237e-04
   7.6987006e-04
   7.7421517e-04
   7.7925895e-04
   7.8392962e-04
   7.8725003e-04
   7.9010930e-04
   7.9155235e-04
   7.9277928e-04
   7.9613555e-04
   8.0152839e-04
   8.0606819e-04
   8.0986046e-04
   8.1182004e-04
   8.1303757e-04
   8.1654604e-04
   8.2053525e-04
   8.2398415e-04
   8.2858672e-04
   8.3101506e-04
   8.3480959e-04
   8.3700551e-04
   8.3903371e-04
   8.4222282e-04
   8.4605173e-04
   8.5121488e-04
   8.5696246e-04
   8.6422027e-04
   8.6878648e-04
   8.7281389e-04
   8.7449375e-04
   8.7645506e-04
   8.7900177e-04
   8.8398836e-04
   8.9052205e-04
   8.9608209e-04
   9.0174947e-04
   9.0675680e-04
   9.0931354e-04
   9.1169431e-04
   9.1464174e-04
   9.1928875e-04
   9.2566687e-04
   9.3139925e-04
   9.3768082e-04
   9.4394794e-04
   9.4999286e-04
   9.5518010e-04
   9.5843683e-04
   9.6343798e-04
   9.7119697e-04
   9.7911068e-04
   9.8575160e-04
   9.9260280e-04
   9.9793288e-04
   1.0036536e-03
   1.0081088e-03
   1.0104120e-03
   1.0147967e-03
   1.0208474e-03
   1.0262802e-03
   1.0313995e-03
   1.0357050e-03
   1.0395218e-03
   1.0439578e-03
   1.0458661e-03
   1.0483601e-03
   1.0514856e-03
   1.0572452e-03
   1.0641787e-03
   1.0698445e-03
   1.0748496e-03
   1.0787241e-03
   1.0836586e-03
   1.0876119e-03
   1.0924682e-03
   1.0984559e-03
   1.1076691e-03
   1.1154440e-03
   1.1226483e-03
   1.1278818e-03
   1.1342557e-03
   1.1396357e-03
   1.1456317e-03
   1.1533421e-03
   1.1622410e-03
   1.1704463e-03
   1.1791493e-03
   1.1871172e-03
   1.1941057e-03
   1.2010184e-03
   1.2082186e-03
   1.2155592e-03
   1.2240539e-03
   1.2336069e-03
   1.2438815e-03
   1.2540119e-03
   1.2621787e-03
   1.2715008e-03
   1.2803070e-03
   1.2876692e-03
   1.2975205e-03
   1.3062957e-03
   1.3186245e-03
   1.3294404e-03
   1.3409084e-03
   1.3522006e-03
   1.3618085e-03
   1.3712498e-03
   1.3801211e-03
   1.3901028e-03
   1.4016858e-03
   1.4169603e-03
   1.4302314e-03
   1.4424733e-03
   1.4530655e-03
   1.4639662e-03
   1.4766567e-03
   1.4879368e-03
   1.4989100e-03
   1.5147812e-03
   1.5329202e-03
   1.5487524e-03
   1.5652457e-03
   1.5801139e-03
   1.5906974e-03
   1.6025043e-03
   1.6153873e-03
   1.6301903e-03
   1.6464319e-03
   1.6632868e-03
   1.6815004e-03
   1.6999190e-03
   1.7170889e-03
   1.7338239e-03
   1.7493857e-03
   1.7671090e-03
   1.7851479e-03
   1.8006586e-03
   1.8224289e-03
   1.8472621e-03
   1.8726189e-03
   1.8996172e-03
   1.9234918e-03
   1.9451130e-03
   1.9673244e-03
   1.9899572e-03
   2.0159877e-03
   2.0407837e-03
   2.0680135e-03
   2.0929459e-03
   2.1194438e-03
   2.1395345e-03
   2.1574969e-03
   2.1727501e-03
   2.1892629e-03
   2.2085023e-03
   2.2274724e-03
   2.2472431e-03
   2.2675744e-03
   2.2870949e-03
   2.3069090e-03
   2.3212335e-03
   2.3343591e-03
   2.3480017e-03
   2.3628736e-03
   2.3801937e-03
   2.3990477e-03
   2.4196673e-03
   2.4409465e-03
   2.4673165e-03
   2.4914373e-03
   2.5139093e-03
   2.5337467e-03
   2.5554569e-03
   2.5825855e-03
   2.6117375e-03
   2.6468934e-03
   2.6812677e-03
   2.7217045e-03
   2.7610813e-03
   2.7995280e-03
   2.8366884e-03
   2.8694670e-03
   2.9035392e-03
   2.9415559e-03
   2.9842380e-03
   3.0333927e-03
   3.0828873e-03
   3.1363840e-03
   3.1931616e-03
   3.2475767e-03
   3.2999123e-03
   3.3507652e-03
   3.3984261e-03
   3.4517799e-03
   3.5079020e-03
   3.5717926e-03
   3.6373204e-03
   3.7079080e-03
   3.7826112e-03
   3.8590680e-03
   3.9304146e-03
   4.0019792e-03
   4.0680711e-03
   4.1403528e-03
   4.2206456e-03
   4.3050002e-03
   4.3942121e-03
   4.4872301e-03
   4.5874220e-03
   4.6898553e-03
   4.7885302e-03
   4.8857696e-03
   4.9804183e-03
   5.0736105e-03
   5.1769261e-03
   5.2830354e-03
   5.3932559e-03
   5.5104553e-03
   5.6382254e-03
   5.7768878e-03
   5.9157459e-03
   6.0584412e-03
   6.1955608e-03
   6.3217915e-03
   6.4649568e-03
   6.6145034e-03
   6.7770177e-03
   6.9411127e-03
   7.1096583e-03
   7.2885209e-03
   7.4552257e-03
   7.6228710e-03
   7.7801063e-03
   7.9237771e-03
   8.0582659e-03
   8.1943989e-03
   8.3279500e-03
   8.4859352e-03
   8.6439371e-03
   8.8102147e-03
   8.9804583e-03
   9.1660161e-03
   9.3494141e-03
   9.5229179e-03
   9.7029723e-03
   9.8577643e-03
   1.0025827e-02
   1.0198880e-02
   1.0365283e-02
   1.0544524e-02
   1.0741316e-02
   1.0940561e-02
   1.1158327e-02
   1.1389145e-02
   1.1612382e-02
   1.1844439e-02
   1.2049065e-02
   1.2251247e-02
   1.2452242e-02
   1.2673949e-02
   1.2895077e-02
   1.3140996e-02
   1.3395420e-02
   1.3690533e-02
   1.3983234e-02
   1.4275352e-02
   1.4558144e-02
   1.4810038e-02
   1.5079101e-02
   1.5340125e-02
   1.5601646e-02
   1.5877487e-02
   1.6174835e-02
   1.6467787e-02
   1.6780219e-02
   1.7104911e-02
   1.7392209e-02
   1.7699778e-02
   1.7987967e-02
   1.8309853e-02
   1.8601481e-02
   1.8873591e-02
   1.9156419e-02
   1.9453432e-02
   1.9779963e-02
   2.0136224e-02
   2.0497505e-02
   2.0938226e-02
   2.1299268e-02
   2.1698143e-02
   2.2070510e-02
   2.2449726e-02
   2.2807694e-02
   2.3137677e-02
   2.3526359e-02
   2.3936269e-02
   2.4346354e-02
   2.4823439e-02
   2.5281722e-02
   2.5741091e-02
   2.6187912e-02
   2.6752377e-02
   2.7214491e-02
   2.7617257e-02
   2.8111744e-02
   2.8497047e-02
   2.9017753e-02
   2.9584199e-02
   3.0066954e-02
   3.0603668e-02
   3.1135380e-02
   3.1796476e-02
   3.2422054e-02
   3.3082559e-02
   3.3744556e-02
   3.4311186e-02
   3.4842905e-02
   3.5253158e-02
   3.5794845e-02
   3.6332496e-02
   3.6892692e-02
   3.7700994e-02
   3.8363197e-02
   3.9021482e-02
   3.9776814e-02
   4.0446586e-02
   4.1206341e-02
   4.1953965e-02
   4.2508891e-02
   4.3071416e-02
   4.3615645e-02
   4.4310058e-02
   4.4908931e-02
   4.5857471e-02
   4.6628890e-02
   4.7648471e-02
   4.8555999e-02
   4.9417545e-02
   5.0383392e-02
   5.1091511e-02
   5.1618954e-02
   5.2218608e-02
   5.2878127e-02
   5.3676079e-02
   5.4544256e-02
   5.5776712e-02
   5.6802828e-02
   5.7582934e-02
   5.8711475e-02
   5.9790203e-02
   6.0909872e-02
   6.1689350e-02
   6.2067566e-02
   6.2816319e-02
   6.3786391e-02
   6.4809098e-02
   6.5882337e-02
   6.6989383e-02
   6.8313383e-02
   6.9293903e-02
   7.0462828e-02
   7.1282831e-02
   7.2097265e-02
   7.3017950e-02
   7.3605720e-02
   7.4811627e-02
   7.5966877e-02
   7.6780470e-02
   7.7925641e-02
   7.9204403e-02
   8.0211124e-02
   8.1274217e-02
   8.2103549e-02
   8.2991604e-02
   8.3587636e-02
   8.4423622e-02
   8.5311584e-02
   8.6353342e-02
   8.7923838e-02
   8.8514558e-02
   8.9862404e-02
   9.0845698e-02
   9.2192882e-02
   9.3204257e-02
   9.3984317e-02
   9.4688655e-02
   9.5872186e-02
   9.6209085e-02
   9.7640212e-02
   9.8395543e-02
   9.9316468e-02
   9.9874214e-02
   9.9900208e-02
   1.0080449e-01
   1.0119096e-01