   4.0182374e+02
   4.0261047e+02
   4.0339714e+02
   4.0418373e+02
   4.0497025e+02
   4.0575670e+02
   4.0654308e+02
   4.0732939e+02
   4.0811562e+02
   4.0890179e+02
   4.0968788e+02
   4.1047390e+02
   4.1125984e+02
   4.1204572e+02
   4.1283152e+02
   4.1361726e+02
   4.1440292e+02
   4.1518851e+02
   4.1597402e+02
   4.1675947e+02
   4.1754484e+02
   4.1833014e+02
   4.1911537e+02
   4.1990053e+02
   4.2068562e+02
   4.2147063e+02
   4.2225558e+02
   4.2304045e+02
   4.2382525e+02
   4.2460997e+02
   4.2539463e+02
   4.2617921e+02
   4.2696372e+02
   4.2774816e+02
   4.2853253e+02
   4.2931683e+02
   4.3010105e+02
   4.3088521e+02
   4.3166929e+02
   4.3245330e+02
   4.3323723e+02
   4.3402110e+02
   4.3480489e+02
   4.3558861e+02
   4.3637226e+02
   4.3715584e+02
   4.3793935e+02
   4.3872278e+02
   4.3950615e+02
   4.4028944e+02
   4.4107266e+02
   4.4185580e+02
   4.4263888e+02
   4.4342188e+02
   4.4420482e+02
   4.4498768e+02
   4.4577046e+02
   4.4655318e+02
   4.4733582e+02
   4.4811840e+02
   4.4890090e+02
   4.4968333e+02
   4.5046568e+02
   4.5124797e+02
   4.5203018e+02
   4.5281232e+02
   4.5359439e+02
   4.5437639e+02
   4.5515832e+02
   4.5594017e+02
   4.5672195e+02
   4.5750366e+02
   4.5828530e+02
   4.5906687e+02
   4.5984836e+02
   4.6062979e+02
   4.6141114e+02
   4.6219242e+02
   4.6297362e+02
   4.6375476e+02
   4.6453582e+02
   4.6531681e+02
   4.6609773e+02
   4.6687858e+02
   4.6765936e+02
   4.6844006e+02
   4.6922069e+02
   4.7000125e+02
   4.7078174e+02
   4.7156216e+02
   4.7234250e+02
   4.7312278e+02
   4.7390298e+02
   4.7468311e+02
   4.7546316e+02
   4.7624315e+02
   4.7702306e+02
   4.7780290e+02
   4.7858267e+02
   4.7936237e+02
   4.8014200e+02
   4.8092155e+02
   4.8170103e+02
   4.8248044e+02
   4.8325978e+02
   4.8403905e+02
   4.8481824e+02
   4.8559736e+02
   4.8637641e+02
   4.8715539e+02
   4.8793430e+02
   4.8871313e+02
   4.8949189e+02
   4.9027058e+02
   4.9104920e+02
   4.9182775e+02
   4.9260623e+02
   4.9338463e+02
   4.9416296e+02
   4.9494122e+02
   4.9571941e+02
   4.9649752e+02
   4.9727556e+02
   4.9805354e+02
   4.9883144e+02
   4.9960926e+02
   5.0038702e+02
   5.0116470e+02
   5.0194231e+02
   5.0271985e+02
   5.0349732e+02
   5.0427472e+02
   5.0505204e+02
   5.0582929e+02
   5.0660647e+02
   5.0738358e+02
   5.0816062e+02
   5.0893758e+02
   5.0971447e+02
   5.1049129e+02
   5.1126804e+02
   5.1204472e+02
   5.1282132e+02
   5.1359785e+02
   5.1437431e+02
   5.1515070e+02
   5.1592702e+02
   5.1670326e+02
   5.1747943e+02
   5.1825554e+02
   5.1903156e+02
   5.1980752e+02
   5.2058340e+02
   5.2135922e+02
   5.2213496e+02
   5.2291063e+02
   5.2368622e+02
   5.2446175e+02
   5.2523720e+02
   5.2601258e+02
   5.2678789e+02
   5.2756312e+02
   5.2833829e+02
   5.2911338e+02
   5.2988840e+02
   5.3066335e+02
   5.3143823e+02
   5.3221303e+02
   5.3298776e+02
   5.3376242e+02
   5.3453701e+02
   5.3531153e+02
   5.3608597e+02
   5.3686035e+02
   5.3763465e+02
   5.3840887e+02
   5.3918303e+02
   5.3995712e+02
   5.4073113e+02
   5.4150507e+02
   5.4227894e+02
   5.4305273e+02
   5.4382646e+02
   5.4460011e+02
   5.4537369e+02
   5.4614720e+02
   5.4692063e+02
   5.4769400e+02
   5.4846729e+02
   5.4924051e+02
   5.5001366e+02
   5.5078673e+02
   5.5155974e+02
   5.5233267e+02
   5.5310553e+02
   5.5387831e+02
   5.5465103e+02
   5.5542367e+02
   5.5619625e+02
   5.5696874e+02
   5.5774117e+02
   5.5851353e+02
   5.5928581e+02
   5.6005802e+02
   5.6083016e+02
   5.6160223e+02
   5.6237422e+02
   5.6314615e+02
   5.6391800e+02
   5.6468978e+02
   5.6546148e+02
   5.6623312e+02
   5.6700468e+02
   5.6777617e+02
   5.6854759e+02
   5.6931893e+02
   5.7009021e+02
   5.7086141e+02
   5.7163254e+02
   5.7240360e+02
   5.7317458e+02
   5.7394550e+02
   5.7471634e+02
   5.7548711e+02
   5.7625781e+02
   5.7702843e+02
   5.7779899e+02
   5.7856947e+02
   5.7933988e+02
   5.8011021e+02
   5.8088048e+02
   5.8165067e+02
   5.8242079e+02
   5.8319084e+02
   5.8396082e+02
   5.8473072e+02
   5.8550055e+02
   5.8627031e+02
   5.8704000e+02
   5.8780962e+02
   5.8857916e+02
   5.8934863e+02
   5.9011803e+02
   5.9088736e+02
   5.9165662e+02
   5.9242580e+02
   5.9319491e+02
   5.9396395e+02
   5.9473292e+02
   5.9550181e+02
   5.9627063e+02
   5.9703938e+02
   5.9780806e+02
   5.9857667e+02
   5.9934520e+02
   6.0011366e+02
   6.0088205e+02
   6.0165037e+02
   6.0241862e+02
   6.0318679e+02
   6.0395489e+02
   6.0472292e+02
   6.0549088e+02
   6.0625876e+02
   6.0702657e+02
   6.0779431e+02
   6.0856198e+02
   6.0932958e+02
   6.1009710e+02
   6.1086455e+02
   6.1163193e+02
   6.1239924e+02
   6.1316648e+02
   6.1393364e+02
   6.1470073e+02
   6.1546775e+02
   6.1623470e+02
   6.1700157e+02
   6.1776837e+02
   6.1853510e+02
   6.1930176e+02
   6.2006835e+02
   6.2083486e+02
   6.2160130e+02
   6.2236767e+02
   6.2313397e+02
   6.2390019e+02
   6.2466634e+02
   6.2543242e+02
   6.2619843e+02
   6.2696437e+02
   6.2773023e+02
   6.2849602e+02
   6.2926174e+02
   6.3002739e+02
   6.3079296e+02
   6.3155847e+02
   6.3232390e+02
   6.3308926e+02
   6.3385454e+02
   6.3461976e+02
   6.3538490e+02
   6.3614997e+02
   6.3691497e+02
   6.3767989e+02
   6.3844474e+02
   6.3920952e+02
   6.3997423e+02
   6.4073887e+02
   6.4150343e+02
   6.4226792e+02
   6.4303234e+02
   6.4379669e+02
   6.4456097e+02
   6.4532517e+02
   6.4608930e+02
   6.4685336e+02
   6.4761734e+02
   6.4838126e+02
   6.4914510e+02
   6.4990887e+02
   6.5067257e+02
   6.5143619e+02
   6.5219974e+02
   6.5296323e+02
   6.5372663e+02
   6.5448997e+02
   6.5525323e+02
   6.5601642e+02
   6.5677954e+02
   6.5754259e+02
   6.5830557e+02
   6.5906847e+02
   6.5983130e+02
   6.6059406e+02
   6.6135674e+02
   6.6211936e+02
   6.6288190e+02
   6.6364437e+02
   6.6440676e+02
   6.6516909e+02
   6.6593134e+02
   6.6669352e+02
   6.6745563e+02
   6.6821766e+02
   6.6897962e+02
   6.6974152e+02
   6.7050333e+02
   6.7126508e+02
   6.7202675e+02
   6.7278836e+02
   6.7354988e+02
   6.7431134e+02
   6.7507273e+02
   6.7583404e+02
   6.7659528e+02
   6.7735645e+02
   6.7811754e+02
   6.7887857e+02
   6.7963952e+02
   6.8040040e+02
   6.8116120e+02
   6.8192194e+02
   6.8268260e+02
   6.8344319e+02
   6.8420370e+02
   6.8496415e+02
   6.8572452e+02
   6.8648482e+02
   6.8724505e+02
   6.8800521e+02
   6.8876529e+02
   6.8952530e+02
   6.9028524e+02
   6.9104511e+02
   6.9180490e+02
   6.9256462e+02
   6.9332427e+02
   6.9408385e+02
   6.9484335e+02
   6.9560278e+02
   6.9636214e+02
   6.9712143e+02
   6.9788065e+02
   6.9863979e+02
   6.9939886e+02
   7.0015786e+02
   7.0091679e+02
   7.0167564e+02
   7.0243442e+02
   7.0319313e+02
   7.0395177e+02
   7.0471033e+02
   7.0546882e+02
   7.0622724e+02
   7.0698559e+02
   7.0774386e+02
   7.0850207e+02
   7.0926020e+02
   7.1001826e+02
   7.1077624e+02
   7.1153415e+02
   7.1229199e+02
   7.1304976e+02
   7.1380746e+02
   7.1456508e+02
   7.1532263e+02
   7.1608011e+02
   7.1683752e+02
   7.1759485e+02
   7.1835212e+02
   7.1910931e+02
   7.1986642e+02
   7.2062347e+02
   7.2138044e+02
   7.2213734e+02
   7.2289417e+02
   7.2365092e+02
   7.2440760e+02
   7.2516421e+02
   7.2592075e+02
   7.2667722e+02
   7.2743361e+02
   7.2818993e+02
   7.2894618e+02
   7.2970236e+02
   7.3045846e+02
   7.3121449e+02
   7.3197045e+02
   7.3272634e+02
   7.3348215e+02
   7.3423789e+02
   7.3499356e+02
   7.3574916e+02
   7.3650468e+02
   7.3726013e+02
   7.3801551e+02
   7.3877082e+02
   7.3952606e+02
   7.4028122e+02
   7.4103631e+02
   7.4179133e+02
   7.4254627e+02
   7.4330114e+02
   7.4405594e+02
   7.4481067e+02
   7.4556533e+02
   7.4631991e+02
   7.4707442e+02
   7.4782886e+02
   7.4858322e+02
   7.4933752e+02
   7.5009174e+02
   7.5084589e+02
   7.5159996e+02
   7.5235397e+02
   7.5310790e+02
   7.5386175e+02
   7.5461554e+02
   7.5536925e+02
   7.5612290e+02
   7.5687646e+02
   7.5762996e+02
   7.5838338e+02
   7.5913674e+02
   7.5989001e+02
   7.6064322e+02
   7.6139635e+02
   7.6214942e+02
   7.6290241e+02
   7.6365532e+02
   7.6440817e+02
   7.6516094e+02
   7.6591364e+02
   7.6666626e+02
   7.6741882e+02
   7.6817130e+02
   7.6892371e+02
   7.6967605e+02
   7.7042831e+02
   7.7118050e+02
   7.7193262e+02
   7.7268467e+02
   7.7343664e+02
   7.7418854e+02
   7.7494037e+02
   7.7569213e+02
   7.7644382e+02
   7.7719543e+02
   7.7794697e+02
   7.7869843e+02
   7.7944983e+02
   7.8020115e+02
   7.8095240e+02
   7.8170358e+02
   7.8245468e+02
   7.8320571e+02
   7.8395667e+02
   7.8470756e+02
   7.8545837e+02
   7.8620912e+02
   7.8695978e+02
   7.8771038e+02
   7.8846091e+02
   7.8921136e+02
   7.8996174e+02
   7.9071204e+02
   7.9146228e+02
   7.9221244e+02
   7.9296253e+02
   7.9371255e+02
   7.9446249e+02
   7.9521236e+02
   7.9596216e+02
   7.9671189e+02
   7.9746154e+02
   7.9821112e+02
   7.9896063e+02
   7.9971007e+02
   8.0045943e+02
   8.0120872e+02
   8.0195794e+02
   8.0270709e+02
   8.0345616e+02
   8.0420516e+02
   8.0495409e+02
   8.0570295e+02
   8.0645173e+02
   8.0720044e+02
   8.0794908e+02
   8.0869765e+02
   8.0944614e+02
   8.1019456e+02
   8.1094291e+02
   8.1169119e+02
   8.1243939e+02
   8.1318752e+02
   8.1393558e+02
   8.1468356e+02
   8.1543148e+02
   8.1617932e+02
   8.1692708e+02
   8.1767478e+02
   8.1842240e+02
   8.1916995e+02
   8.1991743e+02
   8.2066483e+02
   8.2141217e+02
   8.2215943e+02
   8.2290661e+02
   8.2365373e+02
   8.2440077e+02
   8.2514774e+02
   8.2589464e+02
   8.2664146e+02
   8.2738821e+02
   8.2813489e+02
   8.2888150e+02
   8.2962803e+02
   8.3037449e+02
   8.3112088e+02
   8.3186720e+02
   8.3261344e+02
   8.3335961e+02
   8.3410571e+02
   8.3485173e+02
   8.3559769e+02
   8.3634357e+02
   8.3708937e+02
   8.3783511e+02
   8.3858077e+02
   8.3932636e+02
   8.4007188e+02
   8.4081732e+02
   8.4156270e+02
   8.4230800e+02
   8.4305322e+02
   8.4379838e+02
   8.4454346e+02
   8.4528847e+02
   8.4603340e+02
   8.4677827e+02
   8.4752306e+02
   8.4826778e+02
   8.4901242e+02
   8.4975699e+02
   8.5050149e+02
   8.5124592e+02
   8.5199028e+02
   8.5273456e+02
   8.5347877e+02
   8.5422291e+02
   8.5496697e+02
   8.5571096e+02
   8.5645488e+02
   8.5719873e+02
   8.5794250e+02
   8.5868620e+02
   8.5942983e+02
   8.6017339e+02
   8.6091687e+02
   8.6166028e+02
   8.6240362e+02
   8.6314689e+02
   8.6389008e+02
   8.6463320e+02
   8.6537625e+02
   8.6611922e+02
   8.6686212e+02
   8.6760495e+02
   8.6834771e+02
   8.6909039e+02
   8.6983300e+02
   8.7057554e+02
   8.7131801e+02
   8.7206040e+02
   8.7280272e+02
   8.7354497e+02
   8.7428714e+02
   8.7502925e+02
   8.7577128e+02
   8.7651323e+02
   8.7725512e+02
   8.7799693e+02
   8.7873867e+02
   8.7948033e+02
   8.8022193e+02
   8.8096345e+02
   8.8170490e+02
   8.8244627e+02
   8.8318758e+02
   8.8392881e+02
   8.8466996e+02
   8.8541105e+02
   8.8615206e+02
   8.8689300e+02
   8.8763387e+02
   8.8837466e+02
   8.8911538e+02
   8.8985603e+02
   8.9059660e+02
   8.9133711e+02
   8.9207754e+02
   8.9281789e+02
   8.9355818e+02
   8.9429839e+02
   8.9503853e+02
   8.9577860e+02
   8.9651859e+02
   8.9725851e+02
   8.9799836e+02
   8.9873814e+02
   8.9947784e+02
   9.0021747e+02
   9.0095703e+02
   9.0169651e+02
   9.0243592e+02
   9.0317526e+02
   9.0391453e+02
   9.0465372e+02
   9.0539284e+02
   9.0613189e+02
   9.0687087e+02
   9.0760977e+02
   9.0834860e+02
   9.0908735e+02
   9.0982604e+02
   9.1056465e+02
   9.1130319e+02
   9.1204166e+02
   9.1278005e+02
   9.1351837e+02
   9.1425662e+02
   9.1499479e+02
   9.1573289e+02
   9.1647092e+02
   9.1720888e+02
   9.1794676e+02
   9.1868457e+02
   9.1942231e+02
   9.2015998e+02
   9.2089757e+02
   9.2163509e+02
   9.2237254e+02
   9.2310991e+02
   9.2384721e+02
   9.2458444e+02
   9.2532160e+02
   9.2605868e+02
   9.2679569e+02
   9.2753263e+02
   9.2826949e+02
   9.2900629e+02
   9.2974301e+02
   9.3047965e+02
   9.3121623e+02
   9.3195273e+02
   9.3268915e+02
   9.3342551e+02
   9.3416179e+02
   9.3489800e+02
   9.3563414e+02
   9.3637020e+02
   9.3710619e+02
   9.3784211e+02
   9.3857796e+02
   9.3931373e+02
   9.4004943e+02
   9.4078506e+02
   9.4152061e+02
   9.4225609e+02
   9.4299150e+02
   9.4372684e+02
   9.4446210e+02
   9.4519729e+02
   9.4593241e+02
   9.4666745e+02
   9.4740242e+02
   9.4813732e+02
   9.4887215e+02
   9.4960690e+02
   9.5034158e+02
   9.5107619e+02
   9.5181072e+02
   9.5254518e+02
   9.5327957e+02
   9.5401389e+02
   9.5474813e+02
   9.5548230e+02
   9.5621640e+02
   9.5695042e+02
   9.5768437e+02
   9.5841825e+02
   9.5915206e+02
   9.5988579e+02
   9.6061945e+02
   9.6135304e+02
   9.6208655e+02
   9.6282000e+02
   9.6355336e+02
   9.6428666e+02
   9.6501988e+02
   9.6575303e+02
   9.6648611e+02
   9.6721911e+02
   9.6795205e+02
   9.6868490e+02
   9.6941769e+02
   9.7015040e+02
   9.7088304e+02
   9.7161561e+02
   9.7234810e+02
   9.7308053e+02
   9.7381287e+02
   9.7454515e+02
   9.7527735e+02
   9.7600948e+02
   9.7674154e+02
   9.7747352e+02
   9.7820543e+02
   9.7893727e+02
   9.7966904e+02
   9.8040073e+02
   9.8113235e+02
   9.8186389e+02
   9.8259537e+02
   9.8332677e+02
   9.8405810e+02
   9.8478935e+02
   9.8552053e+02
   9.8625164e+02
   9.8698268e+02
   9.8771364e+02
   9.8844453e+02
   9.8917535e+02
   9.8990609e+02
   9.9063676e+02
   9.9136736e+02
   9.9209789e+02
   9.9282834e+02
   9.9355872e+02
   9.9428903e+02
   9.9501926e+02
   9.9574942e+02
   9.9647951e+02
   9.9720952e+02
   9.9793947e+02
   9.9866934e+02
   9.9939913e+02
   1.0001289e+03
   1.0008585e+03
   1.0015881e+03
   1.0023176e+03
   1.0030470e+03
   1.0037764e+03
   1.0045057e+03
   1.0052349e+03
   1.0059640e+03
   1.0066931e+03
   1.0074221e+03
   1.0081510e+03
   1.0088798e+03
   1.0096086e+03
   1.0103373e+03
   1.0110659e+03
   1.0117945e+03
   1.0125230e+03
   1.0132514e+03
   1.0139797e+03
   1.0147080e+03
   1.0154362e+03
   1.0161643e+03
   1.0168924e+03
   1.0176203e+03
   1.0183482e+03
   1.0190761e+03
   1.0198038e+03
   1.0205315e+03
   1.0212591e+03
   1.0219866e+03
   1.0227141e+03
   1.0234415e+03
   1.0241688e+03
   1.0248960e+03
   1.0256232e+03
   1.0263503e+03
   1.0270773e+03
   1.0278043e+03
   1.0285311e+03
   1.0292580e+03
   1.0299847e+03
   1.0307113e+03
   1.0314379e+03
   1.0321644e+03
   1.0328909e+03
   1.0336172e+03
   1.0343435e+03
   1.0350698e+03
   1.0357959e+03
   1.0365220e+03
   1.0372480e+03
   1.0379739e+03
   1.0386998e+03
   1.0394255e+03
   1.0401513e+03
   1.0408769e+03
   1.0416025e+03
   1.0423279e+03
   1.0430534e+03
   1.0437787e+03
   1.0445040e+03
   1.0452292e+03
   1.0459543e+03
   1.0466793e+03
   1.0474043e+03
   1.0481292e+03
   1.0488541e+03
   1.0495788e+03
   1.0503035e+03
   1.0510281e+03
   1.0517527e+03
   1.0524771e+03
   1.0532015e+03
   1.0539258e+03
   1.0546501e+03
   1.0553743e+03
   1.0560984e+03
   1.0568224e+03
   1.0575464e+03
   1.0582702e+03
   1.0589940e+03
   1.0597178e+03
   1.0604414e+03
   1.0611650e+03
   1.0618886e+03
   1.0626120e+03
   1.0633354e+03
   1.0640587e+03
   1.0647819e+03
   1.0655050e+03
   1.0662281e+03
   1.0669511e+03
   1.0676741e+03
   1.0683969e+03
   1.0691197e+03
   1.0698424e+03
   1.0705651e+03
   1.0712876e+03
   1.0720101e+03
   1.0727325e+03
   1.0734549e+03
   1.0741772e+03
   1.0748994e+03
   1.0756215e+03
   1.0763435e+03
   1.0770655e+03
   1.0777874e+03
   1.0785093e+03
   1.0792310e+03
   1.0799527e+03
   1.0806743e+03
   1.0813959e+03
   1.0821174e+03
   1.0828388e+03
   1.0835601e+03
   1.0842813e+03
   1.0850025e+03
   1.0857236e+03
   1.0864446e+03
   1.0871656e+03
   1.0878865e+03
   1.0886073e+03
   1.0893280e+03
   1.0900487e+03
   1.0907693e+03
   1.0914898e+03
   1.0922103e+03
   1.0929306e+03
   1.0936509e+03
   1.0943712e+03
   1.0950913e+03
   1.0958114e+03
   1.0965314e+03
   1.0972513e+03
   1.0979712e+03
   1.0986910e+03
   1.0994107e+03
   1.1001304e+03
   1.1008499e+03
   1.1015694e+03
   1.1022888e+03
   1.1030082e+03
   1.1037275e+03
   1.1044467e+03
   1.1051658e+03
   1.1058849e+03
   1.1066038e+03
   1.1073228e+03
   1.1080416e+03
   1.1087604e+03
   1.1094790e+03
   1.1101977e+03
   1.1109162e+03
   1.1116347e+03
   1.1123531e+03
   1.1130714e+03
   1.1137897e+03
   1.1145078e+03
   1.1152259e+03
   1.1159440e+03
   1.1166619e+03
   1.1173798e+03
   1.1180976e+03
   1.1188154e+03
   1.1195330e+03
   1.1202506e+03
   1.1209682e+03
   1.1216856e+03
   1.1224030e+03
   1.1231203e+03
   1.1238375e+03
   1.1245547e+03
   1.1252717e+03
   1.1259887e+03
   1.1267057e+03
   1.1274225e+03
   1.1281393e+03
   1.1288560e+03
   1.1295727e+03
   1.1302892e+03
   1.1310057e+03
   1.1317222e+03
   1.1324385e+03
   1.1331548e+03
   1.1338710e+03
   1.1345871e+03
   1.1353032e+03
   1.1360192e+03
   1.1367351e+03
   1.1374509e+03
   1.1381667e+03
   1.1388824e+03
   1.1395980e+03
   1.1403135e+03
   1.1410290e+03
   1.1417444e+03
   1.1424597e+03
   1.1431750e+03
   1.1438901e+03
   1.1446052e+03
   1.1453203e+03
   1.1460352e+03
   1.1467501e+03
   1.1474649e+03
   1.1481797e+03
   1.1488943e+03
   1.1496089e+03
   1.1503234e+03
   1.1510379e+03
   1.1517522e+03
   1.1524665e+03
   1.1531808e+03
   1.1538949e+03
   1.1546090e+03
   1.1553230e+03
   1.1560369e+03
   1.1567508e+03
   1.1574646e+03
   1.1581783e+03
   1.1588919e+03
   1.1596055e+03
   1.1603190e+03
   1.1610324e+03
   1.1617457e+03
   1.1624590e+03
   1.1631722e+03
   1.1638853e+03
   1.1645984e+03
   1.1653114e+03
   1.1660243e+03
   1.1667371e+03
   1.1674499e+03
   1.1681626e+03
   1.1688752e+03
   1.1695877e+03
   1.1703002e+03
   1.1710126e+03
   1.1717249e+03
   1.1724371e+03
   1.1731493e+03
   1.1738614e+03
   1.1745734e+03
   1.1752854e+03
   1.1759973e+03
   1.1767091e+03
   1.1774208e+03